Nodes,Percentagem,Edges,Perc_k,k,Result,Basic_Operations,Time,Memory
10,12.5,6,12.5,1,True,13,2.09808349609375e-05,0.0
10,12.5,6,25,2,True,13,1.811981201171875e-05,0.0
10,12.5,6,50,5,False,13,1.6927719116210938e-05,0.0
10,12.5,6,75,7,False,13,1.7881393432617188e-05,0.0
10,25,11,12.5,1,True,21,2.5987625122070312e-05,0.0
10,25,11,25,2,True,21,2.3126602172851562e-05,0.0
10,25,11,50,5,False,21,2.574920654296875e-05,0.0
10,25,11,75,7,False,21,2.6941299438476562e-05,0.0
10,50,22,12.5,1,True,33,4.100799560546875e-05,0.0
10,50,22,25,2,True,33,3.409385681152344e-05,0.0
10,50,22,50,5,False,33,3.409385681152344e-05,0.0
10,50,22,75,7,False,33,3.361701965332031e-05,0.0
10,75,34,12.5,1,True,56,5.888938903808594e-05,0.0
10,75,34,25,2,False,56,5.91278076171875e-05,0.0
10,75,34,50,5,True,56,5.1975250244140625e-05,0.0
10,75,34,75,7,False,56,5.125999450683594e-05,0.0
11,12.5,7,12.5,1,True,16,2.7894973754882812e-05,0.0
11,12.5,7,25,2,True,16,2.09808349609375e-05,0.0
11,12.5,7,50,5,False,16,1.8835067749023438e-05,0.0
11,12.5,7,75,8,False,16,2.002716064453125e-05,0.0
11,25,14,12.5,1,True,27,3.3855438232421875e-05,0.0
11,25,14,25,2,True,27,2.8848648071289062e-05,0.0
11,25,14,50,5,False,27,2.9087066650390625e-05,0.0
11,25,14,75,8,False,27,3.0994415283203125e-05,0.0
11,50,28,12.5,1,True,34,4.57763671875e-05,0.0
11,50,28,25,2,True,34,3.790855407714844e-05,0.0
11,50,28,50,5,False,34,4.1961669921875e-05,0.0
11,50,28,75,8,False,34,4.00543212890625e-05,0.0
11,75,41,12.5,1,True,54,5.817413330078125e-05,0.0
11,75,41,25,2,False,54,5.7220458984375e-05,0.0
11,75,41,50,5,True,54,5.1975250244140625e-05,0.0
11,75,41,75,8,False,54,5.173683166503906e-05,0.0
12,12.5,8,12.5,1,True,18,2.7894973754882812e-05,0.0
12,12.5,8,25,3,False,18,2.288818359375e-05,0.0
12,12.5,8,50,6,False,18,2.193450927734375e-05,0.0
12,12.5,8,75,9,False,18,2.002716064453125e-05,0.0
12,25,16,12.5,1,True,29,3.409385681152344e-05,0.0
12,25,16,25,3,True,29,3.0994415283203125e-05,0.0
12,25,16,50,6,False,29,3.314018249511719e-05,0.0
12,25,16,75,9,False,29,2.9087066650390625e-05,0.0
12,50,33,12.5,1,True,47,5.1975250244140625e-05,0.0
12,50,33,25,3,True,47,4.57763671875e-05,0.0
12,50,33,50,6,False,47,4.9114227294921875e-05,0.0
12,50,33,75,9,False,47,4.38690185546875e-05,0.0
12,75,50,12.5,1,True,68,6.890296936035156e-05,0.0
12,75,50,25,3,True,68,6.318092346191406e-05,0.0
12,75,50,50,6,False,68,6.127357482910156e-05,0.0
12,75,50,75,9,False,68,6.29425048828125e-05,0.0
13,12.5,10,12.5,1,True,22,2.7894973754882812e-05,0.0
13,12.5,10,25,3,False,22,2.6941299438476562e-05,0.0
13,12.5,10,50,6,False,22,2.4080276489257812e-05,0.0
13,12.5,10,75,9,False,22,2.7894973754882812e-05,0.0
13,25,20,12.5,1,True,33,4.291534423828125e-05,0.0
13,25,20,25,3,True,33,3.886222839355469e-05,0.0
13,25,20,50,6,False,33,4.00543212890625e-05,0.0
13,25,20,75,9,False,33,3.600120544433594e-05,0.0
13,50,39,12.5,1,True,57,6.413459777832031e-05,0.0
13,50,39,25,3,True,57,5.5789947509765625e-05,0.0
13,50,39,50,6,False,57,5.412101745605469e-05,0.0
13,50,39,75,9,False,57,5.602836608886719e-05,0.0
13,75,58,12.5,1,True,98,0.00010013580322265625,0.0
13,75,58,25,3,True,98,8.821487426757812e-05,0.0
13,75,58,50,6,False,98,8.392333984375e-05,0.0
13,75,58,75,9,False,98,8.511543273925781e-05,0.0
14,12.5,11,12.5,1,True,24,3.0994415283203125e-05,0.0
14,12.5,11,25,3,False,24,2.6226043701171875e-05,0.0
14,12.5,11,50,7,False,24,2.5033950805664062e-05,0.0
14,12.5,11,75,10,False,24,2.5272369384765625e-05,0.0
14,25,23,12.5,1,True,38,4.506111145019531e-05,0.0
14,25,23,25,3,True,38,3.910064697265625e-05,0.0
14,25,23,50,7,False,38,4.1961669921875e-05,0.0
14,25,23,75,10,False,38,3.790855407714844e-05,0.0
14,50,46,12.5,1,True,67,6.818771362304688e-05,0.0
14,50,46,25,3,True,67,6.103515625e-05,0.0
14,50,46,50,7,False,67,5.984306335449219e-05,0.0
14,50,46,75,10,False,67,6.175041198730469e-05,0.0
14,75,68,12.5,1,True,106,0.00010800361633300781,0.0
14,75,68,25,3,True,106,9.894371032714844e-05,0.0
14,75,68,50,7,False,106,9.799003601074219e-05,0.0
14,75,68,75,10,False,106,9.107589721679688e-05,0.0
15,12.5,13,12.5,1,True,28,3.2901763916015625e-05,0.0
15,12.5,13,25,3,False,28,2.9087066650390625e-05,0.0
15,12.5,13,50,7,False,28,2.7894973754882812e-05,0.0
15,12.5,13,75,11,False,28,2.8133392333984375e-05,0.0
15,25,26,12.5,1,True,45,4.8160552978515625e-05,0.0
15,25,26,25,3,True,45,4.1961669921875e-05,0.0
15,25,26,50,7,False,45,4.410743713378906e-05,0.0
15,25,26,75,11,False,45,4.506111145019531e-05,0.0
15,50,52,12.5,1,True,72,7.104873657226562e-05,0.0
15,50,52,25,3,True,72,6.699562072753906e-05,0.0
15,50,52,50,7,False,72,6.29425048828125e-05,0.0
15,50,52,75,11,False,72,6.413459777832031e-05,0.0
15,75,79,12.5,1,True,109,0.00010991096496582031,0.0
15,75,79,25,3,True,109,9.989738464355469e-05,0.0
15,75,79,50,7,False,109,9.703636169433594e-05,0.0
15,75,79,75,11,False,109,9.489059448242188e-05,0.0
16,12.5,15,12.5,2,True,32,3.600120544433594e-05,0.0
16,12.5,15,25,4,False,32,3.170967102050781e-05,0.0
16,12.5,15,50,8,False,32,3.218650817871094e-05,0.0
16,12.5,15,75,12,False,32,3.0994415283203125e-05,0.0
16,25,30,12.5,2,True,43,4.601478576660156e-05,0.0
16,25,30,25,4,False,43,4.315376281738281e-05,0.0
16,25,30,50,8,False,43,4.291534423828125e-05,0.0
16,25,30,75,12,False,43,4.100799560546875e-05,0.0
16,50,60,12.5,2,True,84,8.893013000488281e-05,0.0
16,50,60,25,4,True,84,7.891654968261719e-05,0.0
16,50,60,50,8,False,84,7.486343383789062e-05,0.0
16,50,60,75,12,False,84,7.43865966796875e-05,0.0
16,75,90,12.5,2,False,169,0.00015807151794433594,0.0
16,75,90,25,4,True,169,0.00014209747314453125,0.0
16,75,90,50,8,False,169,0.00014591217041015625,0.0
16,75,90,75,12,False,169,0.0001380443572998047,0.0
17,12.5,17,12.5,2,True,35,4.410743713378906e-05,0.0
17,12.5,17,25,4,False,35,3.504753112792969e-05,0.0
17,12.5,17,50,8,False,35,3.600120544433594e-05,0.0
17,12.5,17,75,12,False,35,3.409385681152344e-05,0.0
17,25,34,12.5,2,True,53,5.793571472167969e-05,0.0
17,25,34,25,4,False,53,5.1975250244140625e-05,0.0
17,25,34,50,8,False,53,4.9114227294921875e-05,0.0
17,25,34,75,12,False,53,4.8160552978515625e-05,0.0
17,50,68,12.5,2,False,104,0.00010180473327636719,0.0
17,50,68,25,4,True,104,9.393692016601562e-05,0.0
17,50,68,50,8,False,104,9.107589721679688e-05,0.0
17,50,68,75,12,False,104,9.298324584960938e-05,0.0
17,75,102,12.5,2,False,138,0.00013303756713867188,0.0
17,75,102,25,4,True,138,0.0001251697540283203,0.0
17,75,102,50,8,False,138,0.0001220703125,0.0
17,75,102,75,12,False,138,0.00011801719665527344,0.0
18,12.5,19,12.5,2,True,37,4.00543212890625e-05,0.0
18,12.5,19,25,4,False,37,4.00543212890625e-05,0.0
18,12.5,19,50,9,False,37,3.600120544433594e-05,0.0
18,12.5,19,75,13,False,37,3.3855438232421875e-05,0.0
18,25,38,12.5,2,True,62,6.604194641113281e-05,0.0
18,25,38,25,4,False,62,5.984306335449219e-05,0.0
18,25,38,50,9,False,62,6.008148193359375e-05,0.0
18,25,38,75,13,False,62,5.316734313964844e-05,0.0
18,50,76,12.5,2,True,126,0.00012111663818359375,0.0
18,50,76,25,4,True,126,0.00011086463928222656,0.0
18,50,76,50,9,False,126,0.0001068115234375,0.0
18,50,76,75,13,False,126,0.0001049041748046875,0.0
18,75,115,12.5,2,False,181,0.0001690387725830078,0.0
18,75,115,25,4,True,181,0.00015592575073242188,0.0
18,75,115,50,9,False,181,0.00015497207641601562,0.0
18,75,115,75,13,False,181,0.00015211105346679688,0.0
19,12.5,21,12.5,2,True,41,0.00024890899658203125,0.0
19,12.5,21,25,4,False,41,0.00012993812561035156,0.0
19,12.5,21,50,9,False,41,0.00012493133544921875,0.0
19,12.5,21,75,14,False,41,0.00011897087097167969,0.0
19,25,43,12.5,2,True,71,0.0002071857452392578,0.0
19,25,43,25,4,False,71,0.000225067138671875,0.0
19,25,43,50,9,False,71,0.00019407272338867188,0.0
19,25,43,75,14,False,71,0.00019097328186035156,0.0
19,50,86,12.5,2,True,162,0.00041604042053222656,0.0
19,50,86,25,4,True,162,0.00039386749267578125,0.0
19,50,86,50,9,False,162,0.0004031658172607422,0.0
19,50,86,75,14,False,162,0.0003921985626220703,0.0
19,75,128,12.5,2,False,225,0.0005960464477539062,0.0
19,75,128,25,4,True,225,0.0005271434783935547,0.0
19,75,128,50,9,False,225,0.0005409717559814453,0.0
19,75,128,75,14,False,225,0.0005319118499755859,0.0
20,12.5,24,12.5,2,True,45,0.0001652240753173828,0.0
20,12.5,24,25,5,False,45,0.00018715858459472656,0.0
20,12.5,24,50,10,False,45,0.00015091896057128906,0.0
20,12.5,24,75,15,False,45,0.0001399517059326172,0.0
20,25,48,12.5,2,True,76,0.00021982192993164062,0.0
20,25,48,25,5,False,76,0.00021219253540039062,0.0
20,25,48,50,10,False,76,0.00020122528076171875,0.0
20,25,48,75,15,False,76,0.000202178955078125,0.0
20,50,95,12.5,2,True,132,0.0003559589385986328,0.0
20,50,95,25,5,True,132,0.00027108192443847656,0.0
20,50,95,50,10,False,132,0.00013899803161621094,0.0
20,50,95,75,15,False,132,0.00012111663818359375,0.0
20,75,142,12.5,2,False,295,0.00026798248291015625,0.0
20,75,142,25,5,True,295,0.0002460479736328125,0.0
20,75,142,50,10,False,295,0.0002491474151611328,0.0
20,75,142,75,15,False,295,0.0002391338348388672,0.0
21,12.5,26,12.5,2,True,48,5.507469177246094e-05,0.0
21,12.5,26,25,5,False,48,4.7206878662109375e-05,0.0
21,12.5,26,50,10,False,48,4.7206878662109375e-05,0.0
21,12.5,26,75,15,False,48,4.267692565917969e-05,0.0
21,25,52,12.5,2,True,80,7.772445678710938e-05,0.0
21,25,52,25,5,False,80,7.295608520507812e-05,0.0
21,25,52,50,10,False,80,6.985664367675781e-05,0.0
21,25,52,75,15,False,80,6.723403930664062e-05,0.0
21,50,105,12.5,2,True,154,0.00015115737915039062,0.0
21,50,105,25,5,True,154,0.00014209747314453125,0.0
21,50,105,50,10,False,154,0.00013709068298339844,0.0
21,50,105,75,15,False,154,0.00013399124145507812,0.0
21,75,158,12.5,2,False,332,0.00028896331787109375,0.0
21,75,158,25,5,True,332,0.0002720355987548828,0.0
21,75,158,50,10,False,332,0.00026702880859375,0.0
21,75,158,75,15,False,332,0.0002608299255371094,0.0
22,12.5,29,12.5,2,True,54,6.008148193359375e-05,0.0
22,12.5,29,25,5,False,54,4.887580871582031e-05,0.0
22,12.5,29,50,11,False,54,5.078315734863281e-05,0.0
22,12.5,29,75,16,False,54,4.601478576660156e-05,0.0
22,25,58,12.5,2,True,92,8.916854858398438e-05,0.0
22,25,58,25,5,False,92,8.416175842285156e-05,0.0
22,25,58,50,11,False,92,7.796287536621094e-05,0.0
22,25,58,75,16,False,92,7.677078247070312e-05,0.0
22,50,116,12.5,2,True,187,0.00017499923706054688,0.0
22,50,116,25,5,True,187,0.0001628398895263672,0.0
22,50,116,50,11,False,187,0.00015997886657714844,0.0
22,50,116,75,16,False,187,0.00015592575073242188,0.0
22,75,173,12.5,2,False,432,0.0003750324249267578,0.0
22,75,173,25,5,True,432,0.0003581047058105469,0.0
22,75,173,50,11,False,432,0.00034880638122558594,0.0
22,75,173,75,16,False,432,0.0003447532653808594,0.0
23,12.5,32,12.5,2,True,54,5.5789947509765625e-05,0.0
23,12.5,32,25,5,False,54,4.9114227294921875e-05,0.0
23,12.5,32,50,11,False,54,4.7206878662109375e-05,0.0
23,12.5,32,75,17,False,54,4.9114227294921875e-05,0.0
23,25,63,12.5,2,True,102,0.00010085105895996094,0.0
23,25,63,25,5,False,102,9.107589721679688e-05,0.0
23,25,63,50,11,False,102,8.702278137207031e-05,0.0
23,25,63,75,17,False,102,8.392333984375e-05,0.0
23,50,126,12.5,2,True,208,0.0001888275146484375,0.0
23,50,126,25,5,True,208,0.0001800060272216797,0.0
23,50,126,50,11,False,208,0.00017690658569335938,0.0
23,50,126,75,17,False,208,0.0001761913299560547,0.0
23,75,190,12.5,2,False,369,0.00033092498779296875,0.0
23,75,190,25,5,True,369,0.00031304359436035156,0.0
23,75,190,50,11,False,369,0.0003101825714111328,0.0
23,75,190,75,17,False,369,0.00030684471130371094,0.0
24,12.5,34,12.5,3,True,57,6.318092346191406e-05,0.0
24,12.5,34,25,6,False,57,5.1975250244140625e-05,0.0
24,12.5,34,50,12,False,57,5.0067901611328125e-05,0.0
24,12.5,34,75,18,False,57,4.8160552978515625e-05,0.0
24,25,69,12.5,3,True,105,9.799003601074219e-05,0.0
24,25,69,25,6,False,105,9.393692016601562e-05,0.0
24,25,69,50,12,False,105,8.988380432128906e-05,0.0
24,25,69,75,18,False,105,9.012222290039062e-05,0.0
24,50,138,12.5,3,True,228,0.00020384788513183594,0.0
24,50,138,25,6,True,228,0.0001971721649169922,0.0
24,50,138,50,12,False,228,0.00019502639770507812,0.0
24,50,138,75,18,False,228,0.00019407272338867188,0.0
24,75,207,12.5,3,True,325,0.0002951622009277344,0.0
24,75,207,25,6,True,325,0.0002808570861816406,0.0
24,75,207,50,12,False,325,0.0002779960632324219,0.0
24,75,207,75,18,False,325,0.0002739429473876953,0.0
25,12.5,38,12.5,3,True,69,6.818771362304688e-05,0.0
25,12.5,38,25,6,False,69,6.103515625e-05,0.0
25,12.5,38,50,12,False,69,5.91278076171875e-05,0.0
25,12.5,38,75,18,False,69,5.698204040527344e-05,0.0
25,25,75,12.5,3,True,110,0.00010704994201660156,0.0
25,25,75,25,6,False,110,0.00010395050048828125,0.0
25,25,75,50,12,False,110,9.512901306152344e-05,0.0
25,25,75,75,18,False,110,9.918212890625e-05,0.0
25,50,150,12.5,3,True,219,0.00020194053649902344,0.0
25,50,150,25,6,False,219,0.0001919269561767578,0.0
25,50,150,50,12,False,219,0.0001780986785888672,0.0
25,50,150,75,18,False,219,0.0001747608184814453,0.0
25,75,225,12.5,3,True,525,0.000431060791015625,0.0
25,75,225,25,6,True,525,0.0004086494445800781,0.0
25,75,225,50,12,False,525,0.0004069805145263672,0.0
25,75,225,75,18,False,525,0.00040411949157714844,0.0
26,12.5,41,12.5,3,True,71,6.67572021484375e-05,0.0
26,12.5,41,25,6,False,71,5.91278076171875e-05,0.0
26,12.5,41,50,13,False,71,5.5789947509765625e-05,0.0
26,12.5,41,75,19,False,71,5.626678466796875e-05,0.0
26,25,81,12.5,3,True,115,0.00010204315185546875,0.0
26,25,81,25,6,False,115,9.703636169433594e-05,0.0
26,25,81,50,13,False,115,9.131431579589844e-05,0.0
26,25,81,75,19,False,115,9.393692016601562e-05,0.0
26,50,162,12.5,3,True,317,0.000263214111328125,0.0
26,50,162,25,6,False,317,0.000263214111328125,0.0
26,50,162,50,13,False,317,0.0002570152282714844,0.0
26,50,162,75,19,False,317,0.0002579689025878906,0.0
26,75,244,12.5,3,True,596,0.0004911422729492188,0.0
26,75,244,25,6,True,596,0.0004658699035644531,0.0
26,75,244,50,13,False,596,0.0004673004150390625,0.0
26,75,244,75,19,False,596,0.0004611015319824219,0.0
27,12.5,44,12.5,3,True,75,7.200241088867188e-05,0.0
27,12.5,44,25,6,False,75,6.29425048828125e-05,0.0
27,12.5,44,50,13,False,75,6.127357482910156e-05,0.0
27,12.5,44,75,20,False,75,5.888938903808594e-05,0.0
27,25,88,12.5,3,True,140,0.000125885009765625,0.0
27,25,88,25,6,False,140,0.00012087821960449219,0.0
27,25,88,50,13,False,140,0.00011515617370605469,0.0
27,25,88,75,20,False,140,0.00011205673217773438,0.0
27,50,176,12.5,3,True,339,0.00028514862060546875,0.0
27,50,176,25,6,True,339,0.0002830028533935547,0.0
27,50,176,50,13,False,339,0.00028204917907714844,0.0
27,50,176,75,20,False,339,0.0002810955047607422,0.0
27,75,263,12.5,3,True,661,0.0005741119384765625,0.0
27,75,263,25,6,True,661,0.0005548000335693359,0.0
27,75,263,50,13,False,661,0.0005578994750976562,0.0
27,75,263,75,20,False,661,0.0005490779876708984,0.0
28,12.5,47,12.5,3,True,82,8.130073547363281e-05,0.0
28,12.5,47,25,7,False,82,7.081031799316406e-05,0.0
28,12.5,47,50,14,False,82,6.794929504394531e-05,0.0
28,12.5,47,75,21,False,82,6.580352783203125e-05,0.0
28,25,94,12.5,3,True,140,0.0001270771026611328,0.0
28,25,94,25,7,False,140,0.00012302398681640625,0.0
28,25,94,50,14,False,140,0.00011682510375976562,0.0
28,25,94,75,21,False,140,0.00012183189392089844,0.0
28,50,189,12.5,3,True,358,0.0003142356872558594,0.0
28,50,189,25,7,False,358,0.00031185150146484375,0.0
28,50,189,50,14,False,358,0.00030112266540527344,0.0
28,50,189,75,21,False,358,0.0002970695495605469,0.0
28,75,284,12.5,3,True,693,0.0005877017974853516,0.0
28,75,284,25,7,True,693,0.0005679130554199219,0.0
28,75,284,50,14,False,693,0.0005638599395751953,0.0
28,75,284,75,21,False,693,0.0005609989166259766,0.0
29,12.5,51,12.5,3,True,91,9.298324584960938e-05,0.0
29,12.5,51,25,7,False,91,7.891654968261719e-05,0.0
29,12.5,51,50,14,False,91,7.510185241699219e-05,0.0
29,12.5,51,75,21,False,91,7.414817810058594e-05,0.0
29,25,102,12.5,3,True,147,0.00013494491577148438,0.0
29,25,102,25,7,False,147,0.00013113021850585938,0.0
29,25,102,50,14,False,147,0.0001270771026611328,0.0
29,25,102,75,21,False,147,0.0001227855682373047,0.0
29,50,203,12.5,3,True,451,0.00038909912109375,0.0
29,50,203,25,7,False,451,0.0003859996795654297,0.0
29,50,203,50,14,False,451,0.00037288665771484375,0.0
29,50,203,75,21,False,451,0.00036907196044921875,0.0
29,75,304,12.5,3,True,767,0.0006511211395263672,0.0
29,75,304,25,7,True,767,0.0006289482116699219,0.0
29,75,304,50,14,False,767,0.0006291866302490234,0.0
29,75,304,75,21,False,767,0.0006210803985595703,0.0
30,12.5,54,12.5,3,True,92,9.012222290039062e-05,0.0
30,12.5,54,25,7,False,92,7.891654968261719e-05,0.0
30,12.5,54,50,15,False,92,7.700920104980469e-05,0.0
30,12.5,54,75,22,False,92,7.486343383789062e-05,0.0
30,25,109,12.5,3,True,157,0.0001442432403564453,0.0
30,25,109,25,7,False,157,0.00014019012451171875,0.0
30,25,109,50,15,False,157,0.00013518333435058594,0.0
30,25,109,75,22,False,157,0.0001308917999267578,0.0
30,50,218,12.5,3,True,407,0.0003561973571777344,0.0
30,50,218,25,7,False,407,0.00034880638122558594,0.0
30,50,218,50,15,False,407,0.0003440380096435547,0.0
30,50,218,75,22,False,407,0.0003972053527832031,0.0
30,75,326,12.5,3,True,706,0.0006010532379150391,0.0
30,75,326,25,7,True,706,0.0005650520324707031,0.0
30,75,326,50,15,False,706,0.0005650520324707031,0.0
30,75,326,75,22,False,706,0.0005598068237304688,0.0
31,12.5,58,12.5,3,True,91,8.916854858398438e-05,0.0
31,12.5,58,25,7,False,91,7.677078247070312e-05,0.0
31,12.5,58,50,15,False,91,7.319450378417969e-05,0.0
31,12.5,58,75,23,False,91,7.128715515136719e-05,0.0
31,25,116,12.5,3,True,191,0.00016498565673828125,0.0
31,25,116,25,7,False,191,0.00015997886657714844,0.0
31,25,116,50,15,False,191,0.0001533031463623047,0.0
31,25,116,75,23,False,191,0.000148773193359375,0.0
31,50,232,12.5,3,True,502,0.00040984153747558594,0.0
31,50,232,25,7,False,502,0.0004050731658935547,0.0
31,50,232,50,15,False,502,0.0004029273986816406,0.0
31,50,232,75,23,False,502,0.00039196014404296875,0.0
31,75,349,12.5,3,False,993,0.0008258819580078125,0.0
31,75,349,25,7,True,993,0.0007719993591308594,0.0
31,75,349,50,15,False,993,0.0007588863372802734,0.0
31,75,349,75,23,False,993,0.0009000301361083984,0.0
32,12.5,62,12.5,4,False,98,0.00010704994201660156,0.0
32,12.5,62,25,8,False,98,8.273124694824219e-05,0.0
32,12.5,62,50,16,False,98,7.677078247070312e-05,0.0
32,12.5,62,75,24,False,98,7.510185241699219e-05,0.0
32,25,124,12.5,4,True,191,0.00016999244689941406,0.0
32,25,124,25,8,False,191,0.0001621246337890625,0.0
32,25,124,50,16,False,191,0.00015282630920410156,0.0
32,25,124,75,24,False,191,0.0001499652862548828,0.0
32,50,248,12.5,4,True,546,0.00045013427734375,0.0
32,50,248,25,8,False,546,0.0004410743713378906,0.0
32,50,248,50,16,False,546,0.0004329681396484375,0.0
32,50,248,75,24,False,546,0.0004239082336425781,0.0
32,75,372,12.5,4,True,1257,0.0009877681732177734,0.0
32,75,372,25,8,False,1257,0.0009748935699462891,0.0
32,75,372,50,16,False,1257,0.000972747802734375,0.0
32,75,372,75,24,False,1257,0.0009632110595703125,0.0
33,12.5,66,12.5,4,False,113,0.00011205673217773438,0.0
33,12.5,66,25,8,False,113,9.202957153320312e-05,0.0
33,12.5,66,50,16,False,113,8.916854858398438e-05,0.0
33,12.5,66,75,24,False,113,8.58306884765625e-05,0.0
33,25,132,12.5,4,True,211,0.00018310546875,0.0
33,25,132,25,8,False,211,0.00017595291137695312,0.0
33,25,132,50,16,False,211,0.00017833709716796875,0.0
33,25,132,75,24,False,211,0.00016689300537109375,0.0
33,50,264,12.5,4,True,577,0.00047016143798828125,0.0
33,50,264,25,8,False,577,0.0004699230194091797,0.0
33,50,264,50,16,False,577,0.0004658699035644531,0.0
33,50,264,75,24,False,577,0.00045609474182128906,0.0
33,75,396,12.5,4,True,1263,0.0009698867797851562,0.0
33,75,396,25,8,False,1263,0.0009832382202148438,0.0
33,75,396,50,16,False,1263,0.0009431838989257812,0.0
33,75,396,75,24,False,1263,0.0009541511535644531,0.0
34,12.5,70,12.5,4,False,118,0.00011491775512695312,0.0
34,12.5,70,25,8,False,118,0.00010013580322265625,0.0
34,12.5,70,50,17,False,118,9.512901306152344e-05,0.0
34,12.5,70,75,25,False,118,9.226799011230469e-05,0.0
34,25,140,12.5,4,True,239,0.00020384788513183594,0.0
34,25,140,25,8,False,239,0.0001957416534423828,0.0
34,25,140,50,17,False,239,0.00019097328186035156,0.0
34,25,140,75,25,False,239,0.00018715858459472656,0.0
34,50,280,12.5,4,True,511,0.00042128562927246094,0.0
34,50,280,25,8,False,511,0.0004291534423828125,0.0
34,50,280,50,17,False,511,0.00040602684020996094,0.0
34,50,280,75,25,False,511,0.0004012584686279297,0.0
34,75,421,12.5,4,True,1721,0.001336812973022461,0.0
34,75,421,25,8,False,1721,0.001341104507446289,0.0
34,75,421,50,17,False,1721,0.0013239383697509766,0.0
34,75,421,75,25,False,1721,0.0013270378112792969,0.0
35,12.5,74,12.5,4,True,117,0.00011181831359863281,0.0
35,12.5,74,25,8,False,117,9.512901306152344e-05,0.0
35,12.5,74,50,17,False,117,9.107589721679688e-05,0.0
35,12.5,74,75,26,False,117,8.821487426757812e-05,0.0
35,25,149,12.5,4,True,250,0.0002090930938720703,0.0
35,25,149,25,8,False,250,0.00020360946655273438,0.0
35,25,149,50,17,False,250,0.00019812583923339844,0.0
35,25,149,75,26,False,250,0.0001938343048095703,0.0
35,50,298,12.5,4,True,686,0.0005660057067871094,0.0
35,50,298,25,8,False,686,0.0005588531494140625,0.0
35,50,298,50,17,False,686,0.0005481243133544922,0.0
35,50,298,75,26,False,686,0.0005409717559814453,0.0
35,75,446,12.5,4,True,1982,0.0015819072723388672,0.0
35,75,446,25,8,False,1982,0.0015411376953125,0.0
35,75,446,50,17,False,1982,0.0015308856964111328,0.0
35,75,446,75,26,False,1982,0.0015292167663574219,0.0
36,12.5,79,12.5,4,False,124,0.00011873245239257812,0.0
36,12.5,79,25,9,False,124,0.00010323524475097656,0.0
36,12.5,79,50,18,False,124,9.679794311523438e-05,0.0
36,12.5,79,75,27,False,124,9.608268737792969e-05,0.0
36,25,158,12.5,4,True,247,0.00020599365234375,0.0
36,25,158,25,9,False,247,0.00020694732666015625,0.0
36,25,158,50,18,False,247,0.00019478797912597656,0.0
36,25,158,75,27,False,247,0.0001919269561767578,0.0
36,50,315,12.5,4,True,680,0.0005590915679931641,0.0
36,50,315,25,9,False,680,0.0005619525909423828,0.0
36,50,315,50,18,False,680,0.0005481243133544922,0.0
36,50,315,75,27,False,680,0.0005409717559814453,0.0
36,75,472,12.5,4,True,1628,0.0013201236724853516,0.0
36,75,472,25,9,False,1628,0.0012772083282470703,0.0
36,75,472,50,18,False,1628,0.0012669563293457031,0.0
36,75,472,75,27,False,1628,0.001262664794921875,0.0
37,12.5,83,12.5,4,False,132,0.00012874603271484375,0.0
37,12.5,83,25,9,False,132,0.00010991096496582031,0.0
37,12.5,83,50,18,False,132,0.00010275840759277344,0.0
37,12.5,83,75,27,False,132,0.000102996826171875,0.0
37,25,166,12.5,4,True,283,0.0002429485321044922,0.0
37,25,166,25,9,False,283,0.00023818016052246094,0.0
37,25,166,50,18,False,283,0.0002319812774658203,0.0
37,25,166,75,27,False,283,0.00022983551025390625,0.0
37,50,333,12.5,4,True,913,0.0007302761077880859,0.0
37,50,333,25,9,False,913,0.0007197856903076172,0.0
37,50,333,50,18,False,913,0.0007081031799316406,0.0
37,50,333,75,27,False,913,0.0007050037384033203,0.0
37,75,500,12.5,4,True,2268,0.0019762516021728516,0.0
37,75,500,25,9,False,2268,0.0017559528350830078,0.0
37,75,500,50,18,False,2268,0.0017540454864501953,0.0
37,75,500,75,27,False,2268,0.0017447471618652344,0.0
38,12.5,88,12.5,4,True,145,0.0001380443572998047,0.0
38,12.5,88,25,9,False,145,0.00012111663818359375,0.0
38,12.5,88,50,19,False,145,0.00011491775512695312,0.0
38,12.5,88,75,28,False,145,0.00011277198791503906,0.0
38,25,176,12.5,4,True,302,0.0002570152282714844,0.0
38,25,176,25,9,False,302,0.0002551078796386719,0.0
38,25,176,50,19,False,302,0.00024700164794921875,0.0
38,25,176,75,28,False,302,0.0002429485321044922,0.0
38,50,352,12.5,4,True,891,0.0007243156433105469,0.0
38,50,352,25,9,False,891,0.0007269382476806641,0.0
38,50,352,50,19,False,891,0.0007112026214599609,0.0
38,50,352,75,28,False,891,0.000701904296875,0.0
38,75,527,12.5,4,True,2106,0.0016932487487792969,0.0
38,75,527,25,9,False,2106,0.0016520023345947266,0.0
38,75,527,50,19,False,2106,0.0016379356384277344,0.0
38,75,527,75,28,False,2106,0.0016350746154785156,0.0
39,12.5,93,12.5,4,True,141,0.00013303756713867188,0.0
39,12.5,93,25,9,False,141,0.00011396408081054688,0.0
39,12.5,93,50,19,False,141,0.00010895729064941406,0.0
39,12.5,93,75,29,False,141,0.00010800361633300781,0.0
39,25,185,12.5,4,True,304,0.0002579689025878906,0.0
39,25,185,25,9,False,304,0.0002579689025878906,0.0
39,25,185,50,19,False,304,0.0002467632293701172,0.0
39,25,185,75,29,False,304,0.0002422332763671875,0.0
39,50,370,12.5,4,True,1096,0.0008840560913085938,0.0
39,50,370,25,9,False,1096,0.0009019374847412109,0.0
39,50,370,50,19,False,1096,0.0008690357208251953,0.0
39,50,370,75,29,False,1096,0.0008640289306640625,0.0
39,75,556,12.5,4,True,2556,0.0020470619201660156,0.0
39,75,556,25,9,False,2556,0.002002239227294922,0.0
39,75,556,50,19,False,2556,0.0020132064819335938,0.0
39,75,556,75,29,False,2556,0.0020339488983154297,0.0
40,12.5,98,12.5,5,False,165,0.0001571178436279297,0.0
40,12.5,98,25,10,False,165,0.0001342296600341797,0.0
40,12.5,98,50,20,False,165,0.0001289844512939453,0.0
40,12.5,98,75,30,False,165,0.00012803077697753906,0.0
40,25,195,12.5,5,True,271,0.0002410411834716797,0.0
40,25,195,25,10,False,271,0.00023818016052246094,0.0
40,25,195,50,20,False,271,0.00022983551025390625,0.0
40,25,195,75,30,False,271,0.00022912025451660156,0.0
40,50,390,12.5,5,True,1133,0.0008981227874755859,0.0
40,50,390,25,10,False,1133,0.000904083251953125,0.0
40,50,390,50,20,False,1133,0.000885009765625,0.0
40,50,390,75,30,False,1133,0.0008761882781982422,0.0
40,75,585,12.5,5,True,3321,0.0025801658630371094,0.0
40,75,585,25,10,False,3321,0.002547025680541992,0.0
40,75,585,50,20,False,3321,0.002583742141723633,0.0
40,75,585,75,30,False,3321,0.0025861263275146484,0.0
41,12.5,102,12.5,5,False,153,0.0001552104949951172,0.0
41,12.5,102,25,10,False,153,0.00012612342834472656,0.0
41,12.5,102,50,20,False,153,0.00011992454528808594,0.0
41,12.5,102,75,30,False,153,0.00011706352233886719,0.0
41,25,205,12.5,5,True,359,0.0003108978271484375,0.0
41,25,205,25,10,False,359,0.0003037452697753906,0.0
41,25,205,50,20,False,359,0.0003008842468261719,0.0
41,25,205,75,30,False,359,0.0002968311309814453,0.0
41,50,410,12.5,5,True,1062,0.0008580684661865234,0.0
41,50,410,25,10,False,1062,0.0008609294891357422,0.0
41,50,410,50,20,False,1062,0.0008420944213867188,0.0
41,50,410,75,30,False,1062,0.0008380413055419922,0.0
41,75,615,12.5,5,True,2885,0.0022749900817871094,0.0
41,75,615,25,10,False,2885,0.0022368431091308594,0.0
41,75,615,50,20,False,2885,0.002235889434814453,0.0
41,75,615,75,30,False,2885,0.002225160598754883,0.0
42,12.5,108,12.5,5,False,169,0.0001690387725830078,0.0
42,12.5,108,25,10,False,169,0.0001430511474609375,0.0
42,12.5,108,50,21,False,169,0.00013589859008789062,0.0
42,12.5,108,75,31,False,169,0.00013208389282226562,0.0
42,25,215,12.5,5,True,353,0.00030303001403808594,0.0
42,25,215,25,10,False,353,0.0002982616424560547,0.0
42,25,215,50,21,False,353,0.0002911090850830078,0.0
42,25,215,75,31,False,353,0.00028896331787109375,0.0
42,50,430,12.5,5,True,1262,0.0010099411010742188,0.0
42,50,430,25,10,False,1262,0.001024007797241211,0.0
42,50,430,50,21,False,1262,0.0009982585906982422,0.0
42,50,430,75,31,False,1262,0.0009989738464355469,0.0
42,75,646,12.5,5,True,2964,0.002354860305786133,0.0
42,75,646,25,10,False,2964,0.002318859100341797,0.0
42,75,646,50,21,False,2964,0.0023081302642822266,0.0
42,75,646,75,31,False,2964,0.0023059844970703125,0.0
43,12.5,113,12.5,5,False,191,0.00019097328186035156,0.0
43,12.5,113,25,10,False,191,0.0001609325408935547,0.0
43,12.5,113,50,21,False,191,0.00016117095947265625,0.0
43,12.5,113,75,32,False,191,0.0001537799835205078,0.0
43,25,226,12.5,5,True,360,0.00031185150146484375,0.0
43,25,226,25,10,False,360,0.00030803680419921875,0.0
43,25,226,50,21,False,360,0.00030803680419921875,0.0
43,25,226,75,32,False,360,0.0002961158752441406,0.0
43,50,452,12.5,5,True,1147,0.0009510517120361328,0.0
43,50,452,25,10,False,1147,0.0009479522705078125,0.0
43,50,452,50,21,False,1147,0.0009429454803466797,0.0
43,50,452,75,32,False,1147,0.0009450912475585938,0.0
43,75,677,12.5,5,True,3553,0.0028302669525146484,0.0
43,75,677,25,10,False,3553,0.002801179885864258,0.0
43,75,677,50,21,False,3553,0.002780914306640625,0.0
43,75,677,75,32,False,3553,0.0027883052825927734,0.0
44,12.5,118,12.5,5,False,188,0.00018286705017089844,0.0
44,12.5,118,25,11,False,188,0.00015306472778320312,0.0
44,12.5,118,50,22,False,188,0.00014710426330566406,0.0
44,12.5,118,75,33,False,188,0.00014472007751464844,0.0
44,25,236,12.5,5,True,387,0.0003409385681152344,0.0
44,25,236,25,11,False,387,0.000331878662109375,0.0
44,25,236,50,22,False,387,0.000324249267578125,0.0
44,25,236,75,33,False,387,0.00032520294189453125,0.0
44,50,473,12.5,5,True,1452,0.0012278556823730469,0.0
44,50,473,25,11,False,1452,0.0011699199676513672,0.0
44,50,473,50,22,False,1452,0.0011739730834960938,0.0
44,50,473,75,33,False,1452,0.0011551380157470703,0.0
44,75,710,12.5,5,True,3864,0.0030469894409179688,0.0
44,75,710,25,11,False,3864,0.0029959678649902344,0.0
44,75,710,50,22,False,3864,0.0029931068420410156,0.0
44,75,710,75,33,False,3864,0.0029916763305664062,0.0
45,12.5,124,12.5,5,False,204,0.0001990795135498047,0.0
45,12.5,124,25,11,False,204,0.00016927719116210938,0.0
45,12.5,124,50,22,False,204,0.0001652240753173828,0.0
45,12.5,124,75,33,False,204,0.00015783309936523438,0.0
45,25,248,12.5,5,False,421,0.0003631114959716797,0.0
45,25,248,25,11,False,421,0.0003521442413330078,0.0
45,25,248,50,22,False,421,0.0003459453582763672,0.0
45,25,248,75,33,False,421,0.00034499168395996094,0.0
45,50,495,12.5,5,True,1361,0.0011639595031738281,0.0
45,50,495,25,11,False,1361,0.0011110305786132812,0.0
45,50,495,50,22,False,1361,0.0010900497436523438,0.0
45,50,495,75,33,False,1361,0.0010929107666015625,0.0
45,75,742,12.5,5,True,4659,0.003625154495239258,0.0
45,75,742,25,11,False,4659,0.0036420822143554688,0.0
45,75,742,50,22,False,4659,0.0036318302154541016,0.0
45,75,742,75,33,False,4659,0.003648042678833008,0.0
46,12.5,129,12.5,5,False,205,0.00020194053649902344,0.0
46,12.5,129,25,11,False,205,0.0001709461212158203,0.0
46,12.5,129,50,23,False,205,0.0001628398895263672,0.0
46,12.5,129,75,34,False,205,0.0001571178436279297,0.0
46,25,259,12.5,5,True,397,0.0003478527069091797,0.0
46,25,259,25,11,False,397,0.00033974647521972656,0.0
46,25,259,50,23,False,397,0.0003361701965332031,0.0
46,25,259,75,34,False,397,0.0003337860107421875,0.0
46,50,518,12.5,5,True,1489,0.0012559890747070312,0.0
46,50,518,25,11,False,1489,0.0012128353118896484,0.0
46,50,518,50,23,False,1489,0.0011949539184570312,0.0
46,50,518,75,34,False,1489,0.0012023448944091797,0.0
46,75,776,12.5,5,True,3956,0.003097057342529297,0.0
46,75,776,25,11,False,3956,0.003139019012451172,0.0
46,75,776,50,23,False,3956,0.0031180381774902344,0.0
46,75,776,75,34,False,3956,0.0031087398529052734,0.0
47,12.5,135,12.5,5,False,204,0.0002009868621826172,0.0
47,12.5,135,25,11,False,204,0.0001678466796875,0.0
47,12.5,135,50,23,False,204,0.00015997886657714844,0.0
47,12.5,135,75,35,False,204,0.00015687942504882812,0.0
47,25,270,12.5,5,False,448,0.0003960132598876953,0.0
47,25,270,25,11,False,448,0.0003840923309326172,0.0
47,25,270,50,23,False,448,0.00037980079650878906,0.0
47,25,270,75,35,False,448,0.00037288665771484375,0.0
47,50,540,12.5,5,True,1527,0.0013210773468017578,0.0
47,50,540,25,11,False,1527,0.0012590885162353516,0.0
47,50,540,50,23,False,1527,0.0012540817260742188,0.0
47,50,540,75,35,False,1527,0.0012388229370117188,0.0
47,75,811,12.5,5,True,4763,0.003756999969482422,0.0
47,75,811,25,11,False,4763,0.0037717819213867188,0.0
47,75,811,50,23,False,4763,0.003776073455810547,0.0
47,75,811,75,35,False,4763,0.003778219223022461,0.0
48,12.5,141,12.5,6,False,233,0.0002281665802001953,0.0
48,12.5,141,25,12,False,233,0.00019407272338867188,0.0
48,12.5,141,50,24,False,233,0.00018787384033203125,0.0
48,12.5,141,75,36,False,233,0.0001862049102783203,0.0
48,25,282,12.5,6,False,509,0.00045180320739746094,0.0
48,25,282,25,12,False,509,0.00043511390686035156,0.0
48,25,282,50,24,False,509,0.00042891502380371094,0.0
48,25,282,75,36,False,509,0.00042510032653808594,0.0
48,50,564,12.5,6,True,1600,0.0013706684112548828,0.0
48,50,564,25,12,False,1600,0.00131988525390625,0.0
48,50,564,50,24,False,1600,0.001310110092163086,0.0
48,50,564,75,36,False,1600,0.0012998580932617188,0.0
48,75,846,12.5,6,True,6939,0.00530695915222168,0.0
48,75,846,25,12,False,6939,0.005403041839599609,0.0
48,75,846,50,24,False,6939,0.0053539276123046875,0.0
48,75,846,75,36,False,6939,0.005373954772949219,0.0
49,12.5,147,12.5,6,False,254,0.00024819374084472656,0.0
49,12.5,147,25,12,False,254,0.0002110004425048828,0.0
49,12.5,147,50,24,False,254,0.0001990795135498047,0.0
49,12.5,147,75,36,False,254,0.00019598007202148438,0.0
49,25,294,12.5,6,False,536,0.0004620552062988281,0.0
49,25,294,25,12,False,536,0.00045228004455566406,0.0
49,25,294,50,24,False,536,0.0004487037658691406,0.0
49,25,294,75,36,False,536,0.0004391670227050781,0.0
49,50,588,12.5,6,True,1899,0.0015916824340820312,0.0
49,50,588,25,12,False,1899,0.0015540122985839844,0.0
49,50,588,50,24,False,1899,0.0015408992767333984,0.0
49,50,588,75,36,False,1899,0.0015408992767333984,0.0
49,75,882,12.5,6,True,6191,0.0047419071197509766,0.0
49,75,882,25,12,False,6191,0.0047948360443115234,0.0
49,75,882,50,24,False,6191,0.004808902740478516,0.0
49,75,882,75,36,False,6191,0.0047872066497802734,0.0
50,12.5,153,12.5,6,False,237,0.00023818016052246094,0.0
50,12.5,153,25,12,False,237,0.00020003318786621094,0.0
50,12.5,153,50,25,False,237,0.00019478797912597656,0.0
50,12.5,153,75,37,False,237,0.00019097328186035156,0.0
50,25,306,12.5,6,False,519,0.0004558563232421875,0.0
50,25,306,25,12,False,519,0.0004451274871826172,0.0
50,25,306,50,25,False,519,0.0005390644073486328,0.0
50,25,306,75,37,False,519,0.0004558563232421875,0.0
50,50,612,12.5,6,True,1884,0.0016100406646728516,0.0
50,50,612,25,12,False,1884,0.0015668869018554688,0.0
50,50,612,50,25,False,1884,0.0015072822570800781,0.0
50,50,612,75,37,False,1884,0.001550912857055664,0.0
50,75,919,12.5,6,True,6024,0.005000114440917969,0.0
50,75,919,25,12,False,6024,0.004747152328491211,0.0
50,75,919,50,25,False,6024,0.0049037933349609375,0.0
50,75,919,75,37,False,6024,0.004995107650756836,0.0
51,12.5,159,12.5,6,False,246,0.0002689361572265625,0.0
51,12.5,159,25,12,False,246,0.0002079010009765625,0.0
51,12.5,159,50,25,False,246,0.00020194053649902344,0.0
51,12.5,159,75,38,False,246,0.0002009868621826172,0.0
51,25,319,12.5,6,False,581,0.0005147457122802734,0.0
51,25,319,25,12,False,581,0.0005002021789550781,0.0
51,25,319,50,25,False,581,0.0004899501800537109,0.0
51,25,319,75,38,False,581,0.0004892349243164062,0.0
51,50,638,12.5,6,True,2179,0.001867055892944336,0.0
51,50,638,25,12,False,2179,0.0018610954284667969,0.0
51,50,638,50,25,False,2179,0.00177001953125,0.0
51,50,638,75,38,False,2179,0.0018129348754882812,0.0
51,75,956,12.5,6,True,6590,0.005379199981689453,0.0
51,75,956,25,12,False,6590,0.005446910858154297,0.0
51,75,956,50,25,False,6590,0.00523686408996582,0.0
51,75,956,75,38,False,6590,0.005270242691040039,0.0
52,12.5,166,12.5,6,False,257,0.00026702880859375,0.0
52,12.5,166,25,13,False,257,0.00021982192993164062,0.0
52,12.5,166,50,26,False,257,0.00022101402282714844,0.0
52,12.5,166,75,39,False,257,0.00020813941955566406,0.0
52,25,332,12.5,6,False,720,0.0006301403045654297,0.0
52,25,332,25,13,False,720,0.0006558895111083984,0.0
52,25,332,50,26,False,720,0.0006170272827148438,0.0
52,25,332,75,39,False,720,0.0005960464477539062,0.0
52,50,663,12.5,6,True,2348,0.0019121170043945312,0.0
52,50,663,25,13,False,2348,0.00191497802734375,0.0
52,50,663,50,26,False,2348,0.0019719600677490234,0.0
52,50,663,75,39,False,2348,0.0019330978393554688,0.0
52,75,994,12.5,6,True,9581,0.0073909759521484375,0.0
52,75,994,25,13,False,9581,0.007453203201293945,0.0
52,75,994,50,26,False,9581,0.01630377769470215,0.0
52,75,994,75,39,False,9581,0.007513761520385742,0.0
53,12.5,172,12.5,6,False,253,0.0002620220184326172,0.0
53,12.5,172,25,13,False,253,0.00029778480529785156,0.0
53,12.5,172,50,26,False,253,0.00025773048400878906,0.0
53,12.5,172,75,39,False,253,0.0002238750457763672,0.0
53,25,344,12.5,6,False,624,0.0005960464477539062,0.0
53,25,344,25,13,False,624,0.0005669593811035156,0.0
53,25,344,50,26,False,624,0.0005621910095214844,0.0
53,25,344,75,39,False,624,0.0005409717559814453,0.0
53,50,689,12.5,6,True,2381,0.0019822120666503906,0.0
53,50,689,25,13,False,2381,0.0019440650939941406,0.0
53,50,689,50,26,False,2381,0.002118825912475586,0.0
53,50,689,75,39,False,2381,0.0020999908447265625,0.0
53,75,1034,12.5,6,True,9206,0.007364988327026367,0.0
53,75,1034,25,13,False,9206,0.007668018341064453,0.0
53,75,1034,50,26,False,9206,0.0076749324798583984,0.0
53,75,1034,75,39,False,9206,0.007500886917114258,0.0
54,12.5,179,12.5,6,False,264,0.00033783912658691406,0.0
54,12.5,179,25,13,False,264,0.00025177001953125,0.0
54,12.5,179,50,27,False,264,0.0002779960632324219,0.0
54,12.5,179,75,40,False,264,0.00026226043701171875,0.0
54,25,358,12.5,6,False,686,0.0006368160247802734,0.0
54,25,358,25,13,False,686,0.0005888938903808594,0.0
54,25,358,50,27,False,686,0.0005719661712646484,0.0
54,25,358,75,40,False,686,0.0006151199340820312,0.0
54,50,716,12.5,6,True,2593,0.002177000045776367,0.0
54,50,716,25,13,False,2593,0.0022759437561035156,0.0
54,50,716,50,27,False,2593,0.0021622180938720703,0.0
54,50,716,75,40,False,2593,0.0021789073944091797,0.0
54,75,1073,12.5,6,True,8874,0.007064104080200195,0.0
54,75,1073,25,13,False,8874,0.007241964340209961,0.0
54,75,1073,50,27,False,8874,0.007218837738037109,0.0
54,75,1073,75,40,False,8874,0.007468700408935547,0.0
55,12.5,186,12.5,6,False,274,0.00030112266540527344,0.0
55,12.5,186,25,13,False,274,0.00023293495178222656,0.0
55,12.5,186,50,27,False,274,0.000225067138671875,0.0
55,12.5,186,75,41,False,274,0.0002181529998779297,0.0
55,25,371,12.5,6,False,792,0.000701904296875,0.0
55,25,371,25,13,False,792,0.0007481575012207031,0.0
55,25,371,50,27,False,792,0.0007920265197753906,0.0
55,25,371,75,41,False,792,0.0007197856903076172,0.0
55,50,742,12.5,6,True,2809,0.002444028854370117,0.0
55,50,742,25,13,False,2809,0.0024209022521972656,0.0
55,50,742,50,27,False,2809,0.002485990524291992,0.0
55,50,742,75,41,False,2809,0.002343893051147461,0.0
55,75,1114,12.5,6,True,9148,0.007364034652709961,0.0
55,75,1114,25,13,False,9148,0.007292985916137695,0.0
55,75,1114,50,27,False,9148,0.007314920425415039,0.0
55,75,1114,75,41,False,9148,0.007472991943359375,0.0
56,12.5,192,12.5,7,False,285,0.00031495094299316406,0.0
56,12.5,192,25,14,False,285,0.00024127960205078125,0.0
56,12.5,192,50,28,False,285,0.00023102760314941406,0.0
56,12.5,192,75,42,False,285,0.00022673606872558594,0.0
56,25,385,12.5,7,False,729,0.0006380081176757812,0.0
56,25,385,25,14,False,729,0.0006461143493652344,0.0
56,25,385,50,28,False,729,0.0006468296051025391,0.0
56,25,385,75,42,False,729,0.0006191730499267578,0.0
56,50,770,12.5,7,False,3311,0.0027849674224853516,0.0
56,50,770,25,14,False,3311,0.0027637481689453125,0.0
56,50,770,50,28,False,3311,0.0027391910552978516,0.0
56,50,770,75,42,False,3311,0.002933025360107422,0.0
56,75,1155,12.5,7,True,10763,0.00836181640625,0.0
56,75,1155,25,14,False,10763,0.008363962173461914,0.0
56,75,1155,50,28,False,10763,0.008487939834594727,0.0
56,75,1155,75,42,False,10763,0.008345842361450195,0.0
57,12.5,200,12.5,7,False,298,0.00030994415283203125,0.0
57,12.5,200,25,14,False,298,0.00025582313537597656,0.0
57,12.5,200,50,28,False,298,0.0002510547637939453,0.0
57,12.5,200,75,42,False,298,0.0002448558807373047,0.0
57,25,399,12.5,7,False,709,0.0006189346313476562,0.0
57,25,399,25,14,False,709,0.0006210803985595703,0.0
57,25,399,50,28,False,709,0.0006010532379150391,0.0
57,25,399,75,42,False,709,0.0005900859832763672,0.0
57,50,798,12.5,7,True,2838,0.002294778823852539,0.0
57,50,798,25,14,False,2838,0.0023212432861328125,0.0
57,50,798,50,28,False,2838,0.0023300647735595703,0.0
57,50,798,75,42,False,2838,0.0023169517517089844,0.0
57,75,1197,12.5,7,True,13879,0.010877847671508789,0.0
57,75,1197,25,14,False,13879,0.010830879211425781,0.0
57,75,1197,50,28,False,13879,0.010843992233276367,0.0
57,75,1197,75,42,False,13879,0.010820865631103516,0.0
58,12.5,207,12.5,7,False,318,0.0003349781036376953,0.0
58,12.5,207,25,14,False,318,0.00027108192443847656,0.0
58,12.5,207,50,29,False,318,0.00026679039001464844,0.0
58,12.5,207,75,43,False,318,0.0002601146697998047,0.0
58,25,413,12.5,7,False,750,0.0006570816040039062,0.0
58,25,413,25,14,False,750,0.0007138252258300781,0.0
58,25,413,50,29,False,750,0.0006449222564697266,0.0
58,25,413,75,43,False,750,0.000637054443359375,0.0
58,50,826,12.5,7,True,3438,0.0028541088104248047,0.0
58,50,826,25,14,False,3438,0.0029048919677734375,0.0
58,50,826,50,29,False,3438,0.002824068069458008,0.0
58,50,826,75,43,False,3438,0.002807140350341797,0.0
58,75,1240,12.5,7,True,11720,0.009090185165405273,0.0
58,75,1240,25,14,False,11720,0.009222984313964844,0.0
58,75,1240,50,29,False,11720,0.009182214736938477,0.0
58,75,1240,75,43,False,11720,0.009324073791503906,0.0
59,12.5,214,12.5,7,False,320,0.00033211708068847656,0.0
59,12.5,214,25,14,False,320,0.0002720355987548828,0.0
59,12.5,214,50,29,False,320,0.0002701282501220703,0.0
59,12.5,214,75,44,False,320,0.0002739429473876953,0.0
59,25,428,12.5,7,False,819,0.0007340908050537109,0.0
59,25,428,25,14,False,819,0.0007150173187255859,0.0
59,25,428,50,29,False,819,0.0006830692291259766,0.0
59,25,428,75,44,False,819,0.0006921291351318359,0.0
59,50,856,12.5,7,False,3475,0.002902984619140625,0.0
59,50,856,25,14,False,3475,0.002965688705444336,0.0
59,50,856,50,29,False,3475,0.002972126007080078,0.0
59,50,856,75,44,False,3475,0.0029458999633789062,0.0
59,75,1283,12.5,7,True,13106,0.010564088821411133,0.0
59,75,1283,25,14,False,13106,0.010682821273803711,0.0
59,75,1283,50,29,False,13106,0.010636091232299805,0.0
59,75,1283,75,44,False,13106,0.010978937149047852,0.0
60,12.5,221,12.5,7,False,363,0.0003898143768310547,0.0
60,12.5,221,25,15,False,363,0.0003120899200439453,0.0
60,12.5,221,50,30,False,363,0.00030493736267089844,0.0
60,12.5,221,75,45,False,363,0.00030112266540527344,0.0
60,25,442,12.5,7,False,872,0.0007688999176025391,0.0
60,25,442,25,15,False,872,0.0008220672607421875,0.0
60,25,442,50,30,False,872,0.0007529258728027344,0.0
60,25,442,75,45,False,872,0.0008158683776855469,0.0
60,50,885,12.5,7,True,4129,0.00335693359375,0.0
60,50,885,25,15,False,4129,0.003622293472290039,0.0
60,50,885,50,30,False,4129,0.0034639835357666016,0.0
60,50,885,75,45,False,4129,0.00345611572265625,0.0
60,75,1328,12.5,7,True,15406,0.01229095458984375,0.0
60,75,1328,25,15,False,15406,0.012166738510131836,0.0
60,75,1328,50,30,False,15406,0.012085914611816406,0.0
60,75,1328,75,45,False,15406,0.012115955352783203,0.0
61,12.5,229,12.5,7,False,351,0.00039005279541015625,0.0
61,12.5,229,25,15,False,351,0.0003020763397216797,0.0
61,12.5,229,50,30,False,351,0.0002918243408203125,0.0
61,12.5,229,75,45,False,351,0.0002989768981933594,0.0
61,25,458,12.5,7,False,896,0.0007879734039306641,0.0
61,25,458,25,15,False,896,0.0007741451263427734,0.0
61,25,458,50,30,False,896,0.0008270740509033203,0.0
61,25,458,75,45,False,896,0.0007538795471191406,0.0
61,50,915,12.5,7,True,3819,0.003070831298828125,0.0
61,50,915,25,15,False,3819,0.003167867660522461,0.0
61,50,915,50,30,False,3819,0.0032358169555664062,0.0
61,50,915,75,45,False,3819,0.003170013427734375,0.0
61,75,1372,12.5,7,True,14750,0.01176595687866211,38.703125
61,75,1372,25,15,False,14750,0.012082099914550781,0.046875
61,75,1372,50,30,False,14750,0.01189875602722168,0.015625
61,75,1372,75,45,False,14750,0.011744976043701172,0.078125
62,12.5,236,12.5,7,False,355,0.0003972053527832031,0.0
62,12.5,236,25,15,False,355,0.00032591819763183594,0.0
62,12.5,236,50,31,False,355,0.0003159046173095703,0.0
62,12.5,236,75,46,False,355,0.0003108978271484375,0.0
62,25,473,12.5,7,False,913,0.0008318424224853516,0.0
62,25,473,25,15,False,913,0.0007998943328857422,0.0
62,25,473,50,31,False,913,0.0009350776672363281,0.0
62,25,473,75,46,False,913,0.0008349418640136719,0.0
62,50,946,12.5,7,True,4275,0.0035791397094726562,0.0
62,50,946,25,15,False,4275,0.0035200119018554688,0.0
62,50,946,50,31,False,4275,0.0036640167236328125,0.0
62,50,946,75,46,False,4275,0.013503074645996094,0.0
62,75,1418,12.5,7,True,15317,0.012256860733032227,0.0
62,75,1418,25,15,False,15317,0.01230621337890625,0.0
62,75,1418,50,31,False,15317,0.012167215347290039,0.0
62,75,1418,75,46,False,15317,0.012422800064086914,0.0
63,12.5,244,12.5,7,False,399,0.00046515464782714844,0.0
63,12.5,244,25,15,False,399,0.0003578662872314453,0.0
63,12.5,244,50,31,False,399,0.0003330707550048828,0.0
63,12.5,244,75,47,False,399,0.00032782554626464844,0.0
63,25,488,12.5,7,False,934,0.0008821487426757812,0.0
63,25,488,25,15,False,934,0.0008349418640136719,0.0
63,25,488,50,31,False,934,0.0008702278137207031,0.0
63,25,488,75,47,False,934,0.0008590221405029297,0.0
63,50,976,12.5,7,True,4621,0.003859996795654297,0.0
63,50,976,25,15,False,4621,0.004019975662231445,0.0
63,50,976,50,31,False,4621,0.003961801528930664,0.0
63,50,976,75,47,False,4621,0.0039861202239990234,0.0
63,75,1465,12.5,7,True,19547,0.015278816223144531,0.0
63,75,1465,25,15,False,19547,0.015293121337890625,0.0
63,75,1465,50,31,False,19547,0.015257120132446289,0.0
63,75,1465,75,47,False,19547,0.01512598991394043,0.0
64,12.5,252,12.5,8,False,400,0.0004398822784423828,0.0
64,12.5,252,25,16,False,400,0.0003399848937988281,0.0
64,12.5,252,50,32,False,400,0.0003380775451660156,0.0
64,12.5,252,75,48,False,400,0.0003268718719482422,0.0
64,25,504,12.5,8,False,1040,0.0009777545928955078,0.0
64,25,504,25,16,False,1040,0.00090789794921875,0.0
64,25,504,50,32,False,1040,0.0009229183197021484,0.0
64,25,504,75,48,False,1040,0.0009360313415527344,0.0
64,50,1008,12.5,8,False,5140,0.004133939743041992,0.0
64,50,1008,25,16,False,5140,0.004189968109130859,0.0
64,50,1008,50,32,False,5140,0.0041239261627197266,0.0
64,50,1008,75,48,False,5140,0.0043489933013916016,0.0
64,75,1512,12.5,8,True,19084,0.015229940414428711,0.0
64,75,1512,25,16,False,19084,0.015580892562866211,0.0
64,75,1512,50,32,False,19084,0.015115022659301758,0.0
64,75,1512,75,48,False,19084,0.014985084533691406,0.0
65,12.5,260,12.5,8,False,408,0.0004341602325439453,0.0
65,12.5,260,25,16,False,408,0.00034308433532714844,0.0
65,12.5,260,50,32,False,408,0.00033402442932128906,0.0
65,12.5,260,75,48,False,408,0.0003249645233154297,0.0
65,25,520,12.5,8,False,1053,0.001001119613647461,0.0
65,25,520,25,16,False,1053,0.0009138584136962891,0.0
65,25,520,50,32,False,1053,0.0009059906005859375,0.0
65,25,520,75,48,False,1053,0.0009050369262695312,0.0
65,50,1040,12.5,8,False,5345,0.004363059997558594,0.0
65,50,1040,25,16,False,5345,0.004374980926513672,0.0
65,50,1040,50,32,False,5345,0.004384040832519531,0.0
65,50,1040,75,48,False,5345,0.004373073577880859,0.0
65,75,1560,12.5,8,True,20425,0.01573014259338379,0.0
65,75,1560,25,16,False,20425,0.015954017639160156,0.0
65,75,1560,50,32,False,20425,0.015987873077392578,0.0
65,75,1560,75,48,False,20425,0.015946149826049805,0.0
66,12.5,268,12.5,8,False,427,0.00045800209045410156,0.0
66,12.5,268,25,16,False,427,0.0003750324249267578,0.0
66,12.5,268,50,33,False,427,0.0003590583801269531,0.0
66,12.5,268,75,49,False,427,0.0003540515899658203,0.0
66,25,536,12.5,8,False,1088,0.0010190010070800781,0.0
66,25,536,25,16,False,1088,0.0009357929229736328,0.0
66,25,536,50,33,False,1088,0.0009241104125976562,0.0
66,25,536,75,49,False,1088,0.0009148120880126953,0.0
66,50,1072,12.5,8,False,4869,0.00396275520324707,0.0
66,50,1072,25,16,False,4869,0.003963947296142578,0.0
66,50,1072,50,33,False,4869,0.003987789154052734,0.0
66,50,1072,75,49,False,4869,0.003963947296142578,0.0
66,75,1609,12.5,8,True,26333,0.020511388778686523,0.0
66,75,1609,25,16,False,26333,0.020837783813476562,0.0
66,75,1609,50,33,False,26333,0.02055191993713379,0.0
66,75,1609,75,49,False,26333,0.02070307731628418,0.0
67,12.5,276,12.5,8,False,436,0.0005130767822265625,0.0
67,12.5,276,25,16,False,436,0.00037097930908203125,0.0
67,12.5,276,50,33,False,436,0.00036406517028808594,0.0
67,12.5,276,75,50,False,436,0.0003566741943359375,0.0
67,25,553,12.5,8,False,1117,0.0010509490966796875,0.0
67,25,553,25,16,False,1117,0.0009539127349853516,0.0
67,25,553,50,33,False,1117,0.0009450912475585938,0.0
67,25,553,75,50,False,1117,0.0009448528289794922,0.0
67,50,1106,12.5,8,False,6639,0.0054950714111328125,0.0
67,50,1106,25,16,False,6639,0.0055201053619384766,0.0
67,50,1106,50,33,False,6639,0.005513191223144531,0.0
67,50,1106,75,50,False,6639,0.005505084991455078,0.0
67,75,1658,12.5,8,True,21324,0.016653060913085938,0.0
67,75,1658,25,16,False,21324,0.016520023345947266,0.0
67,75,1658,50,33,False,21324,0.016506195068359375,0.0
67,75,1658,75,50,False,21324,0.016602039337158203,0.0
68,12.5,285,12.5,8,False,432,0.00045609474182128906,0.0
68,12.5,285,25,17,False,432,0.00036597251892089844,0.0
68,12.5,285,50,34,False,432,0.0003781318664550781,0.0
68,12.5,285,75,51,False,432,0.0003509521484375,0.0
68,25,570,12.5,8,False,1170,0.0010831356048583984,0.0
68,25,570,25,17,False,1170,0.0009839534759521484,0.0
68,25,570,50,34,False,1170,0.0009741783142089844,0.0
68,25,570,75,51,False,1170,0.0009720325469970703,0.0
68,50,1139,12.5,8,False,6091,0.00496220588684082,0.0
68,50,1139,25,17,False,6091,0.004952669143676758,0.0
68,50,1139,50,34,False,6091,0.004951953887939453,0.0
68,50,1139,75,51,False,6091,0.005116939544677734,0.0
68,75,1708,12.5,8,True,28187,0.0321040153503418,0.0
68,75,1708,25,17,False,28187,0.023775100708007812,0.0
68,75,1708,50,34,False,28187,0.022956132888793945,0.0
68,75,1708,75,51,False,28187,0.022324085235595703,0.0
69,12.5,293,12.5,8,False,438,0.0004918575286865234,0.0
69,12.5,293,25,17,False,438,0.00038123130798339844,0.0
69,12.5,293,50,34,False,438,0.0003731250762939453,0.0
69,12.5,293,75,51,False,438,0.0003688335418701172,0.0
69,25,586,12.5,8,False,1214,0.001132965087890625,0.0
69,25,586,25,17,False,1214,0.0010492801666259766,0.0
69,25,586,50,34,False,1214,0.0010280609130859375,0.0
69,25,586,75,51,False,1214,0.0010361671447753906,0.0
69,50,1173,12.5,8,True,7541,0.0060269832611083984,0.0
69,50,1173,25,17,False,7541,0.006145000457763672,0.0
69,50,1173,50,34,False,7541,0.006083011627197266,0.0
69,50,1173,75,51,False,7541,0.006086111068725586,0.0
69,75,1760,12.5,8,True,30061,0.02332019805908203,0.0
69,75,1760,25,17,False,30061,0.023418903350830078,0.0
69,75,1760,50,34,False,30061,0.023571014404296875,0.0
69,75,1760,75,51,False,30061,0.02342700958251953,0.0
70,12.5,302,12.5,8,False,495,0.0005109310150146484,0.0
70,12.5,302,25,17,False,495,0.0004048347473144531,0.0
70,12.5,302,50,35,False,495,0.0003910064697265625,0.0
70,12.5,302,75,52,False,495,0.0003867149353027344,0.0
70,25,604,12.5,8,False,1382,0.0012750625610351562,0.0
70,25,604,25,17,False,1382,0.00119781494140625,0.0
70,25,604,50,35,False,1382,0.0011780261993408203,0.0
70,25,604,75,52,False,1382,0.0011668205261230469,0.0
70,50,1208,12.5,8,False,6656,0.005370140075683594,0.0
70,50,1208,25,17,False,6656,0.00541377067565918,0.0
70,50,1208,50,35,False,6656,0.005409955978393555,0.0
70,50,1208,75,52,False,6656,0.005435943603515625,0.0
70,75,1811,12.5,8,True,30750,0.02383589744567871,0.0
70,75,1811,25,17,False,30750,0.02536797523498535,0.0
70,75,1811,50,35,False,30750,0.02669811248779297,0.0
70,75,1811,75,52,False,30750,0.033618927001953125,24.484375
71,12.5,311,12.5,8,False,497,0.0005931854248046875,0.0
71,12.5,311,25,17,False,497,0.0004260540008544922,0.0
71,12.5,311,50,35,False,497,0.00042176246643066406,0.0
71,12.5,311,75,53,False,497,0.00041103363037109375,0.0
71,25,621,12.5,8,False,1316,0.0013399124145507812,0.0
71,25,621,25,17,False,1316,0.0012421607971191406,0.0
71,25,621,50,35,False,1316,0.0012750625610351562,0.0
71,25,621,75,53,False,1316,0.0012061595916748047,0.0
71,50,1242,12.5,8,True,6934,0.005858182907104492,0.0
71,50,1242,25,17,False,6934,0.00576472282409668,0.0
71,50,1242,50,35,False,6934,0.005906820297241211,0.0
71,50,1242,75,53,False,6934,0.005893707275390625,0.0
71,75,1864,12.5,8,True,33589,0.026780128479003906,0.0
71,75,1864,25,17,False,33589,0.026838064193725586,0.0
71,75,1864,50,35,False,33589,0.02652287483215332,0.0
71,75,1864,75,53,False,33589,0.03462719917297363,0.0
72,12.5,320,12.5,9,False,508,0.0005712509155273438,0.0
72,12.5,320,25,18,False,508,0.00043511390686035156,0.0
72,12.5,320,50,36,False,508,0.00043201446533203125,0.0
72,12.5,320,75,54,False,508,0.00042510032653808594,0.0
72,25,639,12.5,9,False,1375,0.0012967586517333984,0.0
72,25,639,25,18,False,1375,0.0013279914855957031,0.0
72,25,639,50,36,False,1375,0.0012061595916748047,0.0
72,25,639,75,54,False,1375,0.0011730194091796875,0.0
72,50,1278,12.5,9,False,7226,0.006109952926635742,0.0
72,50,1278,25,18,False,7226,0.005920886993408203,0.0
72,50,1278,50,36,False,7226,0.0058689117431640625,0.0
72,50,1278,75,54,False,7226,0.005823850631713867,0.0
72,75,1917,12.5,9,True,33466,0.026543140411376953,0.0
72,75,1917,25,18,False,33466,0.02796316146850586,0.0
72,75,1917,50,36,False,33466,0.027960777282714844,0.0
72,75,1917,75,54,False,33466,0.029295921325683594,0.0
73,12.5,328,12.5,9,False,551,0.00067901611328125,0.0
73,12.5,328,25,18,False,551,0.0005102157592773438,0.0
73,12.5,328,50,36,False,551,0.0004982948303222656,0.0
73,12.5,328,75,54,False,551,0.0004909038543701172,0.0
73,25,657,12.5,9,False,1478,0.0014231204986572266,0.0
73,25,657,25,18,False,1478,0.0013842582702636719,0.0
73,25,657,50,36,False,1478,0.0013670921325683594,0.0
73,25,657,75,54,False,1478,0.001374959945678711,0.0
73,50,1314,12.5,9,False,7939,0.006929874420166016,0.0
73,50,1314,25,18,False,7939,0.007149219512939453,0.0
73,50,1314,50,36,False,7939,0.006847858428955078,0.0
73,50,1314,75,54,False,7939,0.006660938262939453,0.0
73,75,1971,12.5,9,True,36163,0.028848886489868164,0.0
73,75,1971,25,18,False,36163,0.02911686897277832,0.0
73,75,1971,50,36,False,36163,0.02896428108215332,0.0
73,75,1971,75,54,False,36163,0.028931140899658203,0.0
74,12.5,338,12.5,9,False,556,0.0007216930389404297,0.0
74,12.5,338,25,18,False,556,0.0005271434783935547,0.0
74,12.5,338,50,37,False,556,0.0005061626434326172,0.0
74,12.5,338,75,55,False,556,0.00047016143798828125,0.0
74,25,675,12.5,9,False,1444,0.0012810230255126953,0.0
74,25,675,25,18,False,1444,0.001291036605834961,0.0
74,25,675,50,37,False,1444,0.00127410888671875,0.0
74,25,675,75,55,False,1444,0.0013580322265625,0.0
74,50,1350,12.5,9,False,8666,0.007178783416748047,0.0
74,50,1350,25,18,False,8666,0.007255077362060547,0.0
74,50,1350,50,37,False,8666,0.0075130462646484375,0.0
74,50,1350,75,55,False,8666,0.007163286209106445,0.0
74,75,2026,12.5,9,True,37850,0.03034377098083496,0.0
74,75,2026,25,18,False,37850,0.030848026275634766,0.0
74,75,2026,50,37,False,37850,0.030450105667114258,0.0
74,75,2026,75,55,False,37850,0.03942513465881348,0.0
75,12.5,347,12.5,9,False,544,0.0006368160247802734,0.0
75,12.5,347,25,18,False,544,0.0004947185516357422,0.0
75,12.5,347,50,37,False,544,0.0004620552062988281,0.0
75,12.5,347,75,56,False,544,0.0004570484161376953,0.0
75,25,694,12.5,9,False,1357,0.0012328624725341797,0.0
75,25,694,25,18,False,1357,0.001194000244140625,0.0
75,25,694,50,37,False,1357,0.0011849403381347656,0.0
75,25,694,75,56,False,1357,0.0011730194091796875,0.0
75,50,1388,12.5,9,False,9755,0.008013010025024414,0.0
75,50,1388,25,18,False,9755,0.007956981658935547,0.0
75,50,1388,50,37,False,9755,0.007995128631591797,0.0
75,50,1388,75,56,False,9755,0.008008003234863281,0.0
75,75,2081,12.5,9,True,43712,0.034034013748168945,0.0
75,75,2081,25,18,False,43712,0.03510284423828125,0.0
75,75,2081,50,37,False,43712,0.03534388542175293,0.0
75,75,2081,75,56,False,43712,0.034648895263671875,0.0
76,12.5,356,12.5,9,False,535,0.0006270408630371094,0.0
76,12.5,356,25,19,False,535,0.0004680156707763672,0.0
76,12.5,356,50,38,False,535,0.00045800209045410156,0.0
76,12.5,356,75,57,False,535,0.00045800209045410156,0.0
76,25,712,12.5,9,False,1571,0.0013890266418457031,0.0
76,25,712,25,19,False,1571,0.001374959945678711,0.0
76,25,712,50,38,False,1571,0.0013580322265625,0.0
76,25,712,75,57,False,1571,0.0013718605041503906,0.0
76,50,1425,12.5,9,False,10210,0.008352994918823242,0.0
76,50,1425,25,19,False,10210,0.008368253707885742,0.0
76,50,1425,50,38,False,10210,0.008355855941772461,0.0
76,50,1425,75,57,False,10210,0.008401155471801758,0.0
76,75,2138,12.5,9,True,46054,0.03577089309692383,0.0
76,75,2138,25,19,False,46054,0.036329030990600586,0.0
76,75,2138,50,38,False,46054,0.03585410118103027,0.0
76,75,2138,75,57,False,46054,0.03582882881164551,0.359375
77,12.5,366,12.5,9,False,548,0.0006568431854248047,0.0
77,12.5,366,25,19,False,548,0.0004899501800537109,0.0
77,12.5,366,50,38,False,548,0.0004730224609375,0.0
77,12.5,366,75,57,False,548,0.0004706382751464844,0.0
77,25,732,12.5,9,False,1671,0.001447916030883789,0.0
77,25,732,25,19,False,1671,0.0014491081237792969,0.0
77,25,732,50,38,False,1671,0.0014348030090332031,0.0
77,25,732,75,57,False,1671,0.001432180404663086,0.0
77,50,1463,12.5,9,False,8621,0.006936073303222656,0.0
77,50,1463,25,19,False,8621,0.006952047348022461,0.0
77,50,1463,50,38,False,8621,0.006913900375366211,0.0
77,50,1463,75,57,False,8621,0.0069599151611328125,0.0
77,75,2194,12.5,9,True,46219,0.035893917083740234,0.0
77,75,2194,25,19,False,46219,0.05314993858337402,0.0
77,75,2194,50,38,False,46219,0.03655219078063965,0.0
77,75,2194,75,57,False,46219,0.03651881217956543,0.0
78,12.5,375,12.5,9,False,649,0.0007331371307373047,0.0
78,12.5,375,25,19,False,649,0.0005581378936767578,0.0
78,12.5,375,50,39,False,649,0.0005481243133544922,0.0
78,12.5,375,75,58,False,649,0.0005393028259277344,0.0
78,25,751,12.5,9,False,1714,0.0015170574188232422,0.0
78,25,751,25,19,False,1714,0.0015139579772949219,0.0
78,25,751,50,39,False,1714,0.0014891624450683594,0.0
78,25,751,75,58,False,1714,0.0015299320220947266,0.0
78,50,1502,12.5,9,False,8853,0.0072100162506103516,0.0
78,50,1502,25,19,False,8853,0.007245063781738281,0.0
78,50,1502,50,39,False,8853,0.007261037826538086,0.0
78,50,1502,75,58,False,8853,0.007210969924926758,0.0
78,75,2252,12.5,9,True,61766,0.04768085479736328,0.0
78,75,2252,25,19,False,61766,0.04822492599487305,0.0
78,75,2252,50,39,False,61766,0.048046112060546875,0.0
78,75,2252,75,58,False,61766,0.0481717586517334,0.0
79,12.5,385,12.5,9,False,622,0.0007159709930419922,0.0
79,12.5,385,25,19,False,622,0.0005428791046142578,0.0
79,12.5,385,50,39,False,622,0.0005331039428710938,0.0
79,12.5,385,75,59,False,622,0.0005271434783935547,0.0
79,25,770,12.5,9,False,1677,0.0014710426330566406,0.0
79,25,770,25,19,False,1677,0.001451730728149414,0.0
79,25,770,50,39,False,1677,0.0014431476593017578,0.0
79,25,770,75,59,False,1677,0.001432180404663086,0.0
79,50,1540,12.5,9,False,10083,0.008118867874145508,0.0
79,50,1540,25,19,False,10083,0.008304834365844727,0.0
79,50,1540,50,39,False,10083,0.008125066757202148,0.0
79,50,1540,75,59,False,10083,0.00814509391784668,0.0
79,75,2311,12.5,9,True,53381,0.04094505310058594,0.0
79,75,2311,25,19,False,53381,0.04145312309265137,0.0
79,75,2311,50,39,False,53381,0.05740714073181152,0.0
79,75,2311,75,59,False,53381,0.04163217544555664,0.0