Nodes,Percentagem,Edges,Perc_k,k,Result,Basic_Operations,Time,Memory
10,12.5,6,12.5,1,True,1,0.0004448890686035156,0.0
10,12.5,6,25,2,True,5,3.504753112792969e-05,0.0
10,12.5,6,50,5,False,1390513,5.000085115432739,1.31640625
10,12.5,6,75,7,False,1034546,5.000139951705933,1.65234375
10,25,11,12.5,1,True,1,3.0040740966796875e-05,0.0
10,25,11,25,2,True,3,2.7894973754882812e-05,0.0
10,25,11,50,5,False,1352827,5.000062942504883,13.6640625
10,25,11,75,7,False,1038966,5.000136852264404,38.4609375
10,50,22,12.5,1,True,1,3.409385681152344e-05,0.0
10,50,22,25,2,True,5,3.314018249511719e-05,0.0
10,50,22,50,5,False,1265218,5.000172138214111,2.08984375
10,50,22,75,7,False,975921,5.000172138214111,0.2421875
10,75,34,12.5,1,True,1,5.364418029785156e-05,0.0
10,75,34,25,2,True,3,2.9802322387695312e-05,0.0
10,75,34,50,5,False,1113575,5.000061988830566,11.859375
10,75,34,75,7,False,884064,5.000094175338745,5.8203125
11,12.5,7,12.5,1,True,1,2.8133392333984375e-05,0.0
11,12.5,7,25,2,True,2,2.5033950805664062e-05,0.0
11,12.5,7,50,5,False,1374744,5.0001490116119385,2.2265625
11,12.5,7,75,8,False,965728,5.0001678466796875,2.70703125
11,25,14,12.5,1,True,1,3.314018249511719e-05,0.0
11,25,14,25,2,True,6,3.504753112792969e-05,0.0
11,25,14,50,5,False,1334152,5.000130891799927,1.921875
11,25,14,75,8,False,954832,5.000180959701538,1.2890625
11,50,28,12.5,1,True,1,5.1975250244140625e-05,0.0
11,50,28,25,2,True,10,5.1975250244140625e-05,0.0
11,50,28,50,5,False,1162046,5.000141859054565,0.9609375
11,50,28,75,8,False,867441,5.000069856643677,0.796875
11,75,41,12.5,1,True,1,3.0994415283203125e-05,0.0
11,75,41,25,2,True,1,2.193450927734375e-05,0.0
11,75,41,50,5,False,1087763,5.000054597854614,0.4609375
11,75,41,75,8,False,826426,5.000076055526733,1.4609375
12,12.5,8,12.5,1,True,1,2.7894973754882812e-05,0.0
12,12.5,8,25,3,False,1679839,5.000135898590088,1.66796875
12,12.5,8,50,6,False,1117904,5.0000691413879395,7.38671875
12,12.5,8,75,9,False,899831,5.000124931335449,13.34375
12,25,16,12.5,1,True,1,3.0994415283203125e-05,0.0
12,25,16,25,3,True,96,0.0003190040588378906,0.0
12,25,16,50,6,False,1096038,5.0000669956207275,2.8828125
12,25,16,75,9,False,893891,5.000135898590088,1.125
12,50,33,12.5,1,True,1,7.891654968261719e-05,0.0
12,50,33,25,3,True,10,5.817413330078125e-05,0.0
12,50,33,50,6,False,968760,5.000152826309204,2.62109375
12,50,33,75,9,False,802511,5.0000901222229,1.3828125
12,75,50,12.5,1,True,1,3.1948089599609375e-05,0.0
12,75,50,25,3,True,5,4.1961669921875e-05,0.0
12,75,50,50,6,False,897827,5.0000550746917725,0.07421875
12,75,50,75,9,False,753668,5.000140190124512,1.61328125
13,12.5,10,12.5,1,True,1,3.314018249511719e-05,0.0
13,12.5,10,25,3,False,1666729,5.000114917755127,6.05078125
13,12.5,10,50,6,False,1126243,5.000082969665527,15.0546875
13,12.5,10,75,9,False,911981,5.000185251235962,10.859375
13,25,20,12.5,1,True,1,4.696846008300781e-05,0.0
13,25,20,25,3,True,17,7.796287536621094e-05,0.0
13,25,20,50,6,False,1032647,5.000124216079712,11.671875
13,25,20,75,9,False,855482,5.000166177749634,1.7421875
13,50,39,12.5,1,True,1,3.981590270996094e-05,0.0
13,50,39,25,3,True,12,7.104873657226562e-05,0.0
13,50,39,50,6,False,944636,5.000164031982422,15.2421875
13,50,39,75,9,False,796919,5.000172138214111,69.59765625
13,75,58,12.5,1,True,1,3.814697265625e-05,0.0
13,75,58,25,3,True,8,5.221366882324219e-05,0.0
13,75,58,50,6,False,867356,5.000153064727783,0.171875
13,75,58,75,9,False,744258,5.000139951705933,3.73828125
14,12.5,11,12.5,1,True,1,3.504753112792969e-05,0.0
14,12.5,11,25,3,False,1658937,5.000069856643677,48.32421875
14,12.5,11,50,7,False,1032345,5.000124931335449,13.01953125
14,12.5,11,75,10,False,849644,5.000180006027222,10.3125
14,25,23,12.5,1,True,1,4.506111145019531e-05,0.0
14,25,23,25,3,True,16,7.915496826171875e-05,0.0
14,25,23,50,7,False,953506,5.000086784362793,29.046875
14,25,23,75,10,False,801694,5.000067710876465,1.3828125
14,50,46,12.5,1,True,1,3.1948089599609375e-05,0.0
14,50,46,25,3,True,5,5.698204040527344e-05,0.0
14,50,46,50,7,False,862224,5.000064849853516,5.921875
14,50,46,75,10,False,733818,5.000153064727783,15.34765625
14,75,68,12.5,1,True,1,3.981590270996094e-05,0.0
14,75,68,25,3,True,5,4.38690185546875e-05,0.0
14,75,68,50,7,True,291,0.0018651485443115234,0.0
14,75,68,75,10,False,680152,5.000108003616333,19.796875
15,12.5,13,12.5,1,True,1,3.62396240234375e-05,0.0
15,12.5,13,25,3,False,1667897,5.000133752822876,4.89453125
15,12.5,13,50,7,False,1027244,5.000104904174805,16.2890625
15,12.5,13,75,11,False,801352,5.00008487701416,0.89453125
15,25,26,12.5,1,True,1,3.4809112548828125e-05,0.0
15,25,26,25,3,True,82,0.00034809112548828125,0.0
15,25,26,50,7,False,958528,5.0001490116119385,30.02734375
15,25,26,75,11,False,762231,5.000165939331055,6.453125
15,50,52,12.5,1,True,1,4.100799560546875e-05,0.0
15,50,52,25,3,True,7,4.935264587402344e-05,0.0
15,50,52,50,7,False,850969,5.0000529289245605,2.79296875
15,50,52,75,11,False,688184,5.0000691413879395,3.00390625
15,75,79,12.5,1,True,1,3.314018249511719e-05,0.0
15,75,79,25,3,True,3,3.910064697265625e-05,0.0
15,75,79,50,7,False,778995,5.000141620635986,5.37890625
15,75,79,75,11,False,642920,5.000080823898315,27.87109375
16,12.5,15,12.5,2,True,21,8.797645568847656e-05,0.0
16,12.5,15,25,4,False,1475265,5.000156879425049,4.0703125
16,12.5,15,50,8,False,960018,5.000088930130005,3.234375
16,12.5,15,75,12,False,765740,5.0000739097595215,1.87109375
16,25,30,12.5,2,True,2,4.100799560546875e-05,0.0
16,25,30,25,4,True,415,0.0016279220581054688,0.0
16,25,30,50,8,False,887575,5.000072002410889,15.9375
16,25,30,75,12,False,713301,5.000128984451294,9.453125
16,50,60,12.5,2,True,6,6.198883056640625e-05,0.0
16,50,60,25,4,True,205,0.0009679794311523438,0.0
16,50,60,50,8,False,784909,5.000121831893921,5.953125
16,50,60,75,12,False,645501,5.000132083892822,13.890625
16,75,90,12.5,2,True,1,3.981590270996094e-05,0.0
16,75,90,25,4,True,31,0.00018095970153808594,0.0
16,75,90,50,8,False,702398,5.000068664550781,18.34765625
16,75,90,75,12,False,591570,5.000094890594482,1.80078125
17,12.5,17,12.5,2,True,3,4.076957702636719e-05,0.0
17,12.5,17,25,4,False,1436937,5.000186204910278,12.921875
17,12.5,17,50,8,False,959932,5.000152826309204,5.37890625
17,12.5,17,75,12,False,760652,5.000164747238159,5.37109375
17,25,34,12.5,2,True,2,4.363059997558594e-05,0.0
17,25,34,25,4,True,4161,0.016525983810424805,0.0
17,25,34,50,8,False,877069,5.000159978866577,1.9375
17,25,34,75,12,False,704019,5.000097036361694,12.54296875
17,50,68,12.5,2,True,1,3.504753112792969e-05,0.0
17,50,68,25,4,True,252,0.0012238025665283203,0.0
17,50,68,50,8,False,769310,5.000159025192261,14.32421875
17,50,68,75,12,False,637195,5.000159978866577,3.03125
17,75,102,12.5,2,True,2,4.8160552978515625e-05,0.0
17,75,102,25,4,True,193,0.0011098384857177734,2.13671875
17,75,102,50,8,False,694517,5.0002031326293945,15.7421875
17,75,102,75,12,False,582576,5.000173091888428,5.56640625
18,12.5,19,12.5,2,True,1,4.887580871582031e-05,0.0
18,12.5,19,25,4,False,1337047,5.000133991241455,1.91796875
18,12.5,19,50,9,False,862203,5.000218868255615,0.1484375
18,12.5,19,75,13,False,696443,5.000071048736572,0.203125
18,25,38,12.5,2,True,2,3.3855438232421875e-05,0.0
18,25,38,25,4,False,1216485,5.000119924545288,0.48046875
18,25,38,50,9,False,813724,5.0000739097595215,0.00390625
18,25,38,75,13,False,667274,5.000183820724487,0.3046875
18,50,76,12.5,2,True,3,6.699562072753906e-05,0.0
18,50,76,25,4,True,75,0.0004038810729980469,0.0
18,50,76,50,9,False,709142,5.000038146972656,0.12109375
18,50,76,75,13,False,592680,5.000190019607544,0.54296875
18,75,115,12.5,2,True,2,8.511543273925781e-05,0.0
18,75,115,25,4,True,18,0.00013208389282226562,0.0
18,75,115,50,9,False,594241,5.000159978866577,2.4375
18,75,115,75,13,False,511718,5.000215768814087,2.16015625
19,12.5,21,12.5,2,True,47,0.00019884109497070312,0.0
19,12.5,21,25,4,False,1315014,5.000041961669922,0.0
19,12.5,21,50,9,False,854839,5.000161647796631,18.5
19,12.5,21,75,14,False,664173,5.0001771450042725,0.3046875
19,25,43,12.5,2,True,3,4.673004150390625e-05,0.0
19,25,43,25,4,False,1167958,5.000122785568237,10.57421875
19,25,43,50,9,False,793353,5.000072956085205,2.234375
19,25,43,75,14,False,626416,5.000190019607544,0.484375
19,50,86,12.5,2,True,1,5.412101745605469e-05,0.0
19,50,86,25,4,True,24,0.000171661376953125,0.0
19,50,86,50,9,False,701173,5.000040769577026,0.20703125
19,50,86,75,14,False,566791,5.000182151794434,0.0390625
19,75,128,12.5,2,True,1,6.198883056640625e-05,0.0
19,75,128,25,4,True,1,3.0994415283203125e-05,0.0
19,75,128,50,9,False,575380,5.000040054321289,0.05859375
19,75,128,75,14,False,482017,5.000064134597778,0.03515625
20,12.5,24,12.5,2,True,5,4.8160552978515625e-05,0.0
20,12.5,24,25,5,False,1198262,5.00002908706665,0.0078125
20,12.5,24,50,10,False,806447,5.000148296356201,1.54296875
20,12.5,24,75,15,False,632334,5.000131845474243,4.49609375
20,25,48,12.5,2,True,7,7.915496826171875e-05,0.0
20,25,48,25,5,False,1066014,5.000148057937622,12.48046875
20,25,48,50,10,False,746030,5.000155925750732,4.1015625
20,25,48,75,15,False,596768,5.000058889389038,2.25
20,50,95,12.5,2,True,2,5.817413330078125e-05,0.0
20,50,95,25,5,True,10186,0.06318902969360352,0.0
20,50,95,50,10,False,605221,5.0001630783081055,2.109375
20,50,95,75,15,False,502717,5.000152111053467,13.9140625
20,75,142,12.5,2,True,2,5.0067901611328125e-05,0.0
20,75,142,25,5,True,695,0.005072116851806641,0.0
20,75,142,50,10,False,537147,5.000148057937622,8.17578125
20,75,142,75,15,False,455162,5.000065088272095,3.515625
21,12.5,26,12.5,2,True,10,6.890296936035156e-05,0.0
21,12.5,26,25,5,False,1186973,5.0001540184021,0.03515625
21,12.5,26,50,10,False,795942,5.000060081481934,1.00390625
21,12.5,26,75,15,False,623256,5.000159978866577,0.34375
21,25,52,12.5,2,True,2,4.1961669921875e-05,0.0
21,25,52,25,5,False,1061485,5.000156879425049,3.21875
21,25,52,50,10,False,739557,5.000169992446899,7.2890625
21,25,52,75,15,False,590331,5.0001771450042725,10.5
21,50,105,12.5,2,True,2,5.1975250244140625e-05,0.140625
21,50,105,25,5,True,8821,0.05544710159301758,0.65625
21,50,105,50,10,False,591767,5.000170946121216,8.41796875
21,50,105,75,15,False,491675,5.000196933746338,5.20703125
21,75,158,12.5,2,True,3,6.031990051269531e-05,0.0
21,75,158,25,5,True,228,0.0017681121826171875,0.0
21,75,158,50,10,False,515477,5.000159978866577,13.02734375
21,75,158,75,15,False,439930,5.0000998973846436,1.06640625
22,12.5,29,12.5,2,True,3,3.910064697265625e-05,0.0
22,12.5,29,25,5,False,1171919,5.000162124633789,0.26953125
22,12.5,29,50,11,False,748876,5.0001630783081055,1.39453125
22,12.5,29,75,16,False,593712,5.000078916549683,10.15625
22,25,58,12.5,2,True,1,3.695487976074219e-05,0.0
22,25,58,25,5,False,1037809,5.000166893005371,10.50390625
22,25,58,50,11,False,699315,5.000169038772583,3.98046875
22,25,58,75,16,False,563460,5.000165939331055,10.40234375
22,50,116,12.5,2,True,5,7.104873657226562e-05,0.0
22,50,116,25,5,False,747081,5.000138998031616,5.1015625
22,50,116,50,11,False,547574,5.0000410079956055,4.38671875
22,50,116,75,16,False,459381,5.000140905380249,0.04296875
22,75,173,12.5,2,True,1,5.817413330078125e-05,0.0
22,75,173,25,5,True,502,0.004106998443603516,0.0
22,75,173,50,11,False,481091,5.000028848648071,0.04296875
22,75,173,75,16,False,413773,5.0001380443573,0.78125
23,12.5,32,12.5,2,True,5,5.3882598876953125e-05,0.0
23,12.5,32,25,5,False,1172287,5.000042915344238,0.125
23,12.5,32,50,11,False,746386,5.000179290771484,8.7734375
23,12.5,32,75,17,False,574614,5.000063896179199,4.16796875
23,25,63,12.5,2,True,3,4.315376281738281e-05,0.00390625
23,25,63,25,5,False,1021648,5.000127792358398,3.43359375
23,25,63,50,11,False,685540,5.000059127807617,0.125
23,25,63,75,17,False,537301,5.000159978866577,0.00390625
23,50,126,12.5,2,True,3,5.7220458984375e-05,0.0
23,50,126,25,5,True,2432,0.01660013198852539,0.0
23,50,126,50,11,False,541706,5.000152826309204,12.43359375
23,50,126,75,17,False,446056,5.000169992446899,10.55078125
23,75,190,12.5,2,True,1,4.410743713378906e-05,0.0
23,75,190,25,5,True,93,0.0007979869842529297,0.0
23,75,190,50,11,False,466986,5.000036001205444,6.44140625
23,75,190,75,17,False,391645,5.000137090682983,0.74609375
24,12.5,34,12.5,3,True,423,0.001519918441772461,0.0
24,12.5,34,25,6,False,986484,5.000036001205444,0.00390625
24,12.5,34,50,12,False,709646,5.000152826309204,0.03515625
24,12.5,34,75,18,False,549489,5.000154972076416,19.79296875
24,25,69,12.5,3,True,115,0.0005249977111816406,0.0
24,25,69,25,6,False,875829,5.000155210494995,10.62109375
24,25,69,50,12,False,648764,5.0001702308654785,1.94140625
24,25,69,75,18,False,514397,5.000164985656738,3.765625
24,50,138,12.5,3,True,22,0.0002028942108154297,0.0
24,50,138,25,6,False,653589,5.000039100646973,2.65234375
24,50,138,50,12,False,517064,5.000071048736572,2.1328125
24,50,138,75,18,False,428838,5.000166893005371,9.546875
24,75,207,12.5,3,True,3,8.0108642578125e-05,0.0
24,75,207,25,6,True,28400,0.2665228843688965,0.03515625
24,75,207,50,12,False,437803,5.000130891799927,10.328125
24,75,207,75,18,False,372235,5.0001561641693115,0.83203125
25,12.5,38,12.5,3,True,15,9.489059448242188e-05,0.0
25,12.5,38,25,6,False,983784,5.000110864639282,8.22265625
25,12.5,38,50,12,False,704037,5.000154972076416,8.6484375
25,12.5,38,75,18,False,547572,5.000158071517944,9.38671875
25,25,75,12.5,3,True,67,0.0003247261047363281,0.0
25,25,75,25,6,False,860878,5.000039100646973,4.76953125
25,25,75,50,12,False,637526,5.000133037567139,0.2109375
25,25,75,75,18,False,506912,5.000046968460083,0.03125
25,50,150,12.5,3,True,6,9.393692016601562e-05,0.0
25,50,150,25,6,False,624797,5.000066041946411,19.4453125
25,50,150,50,12,False,497938,5.00004506111145,4.75
25,50,150,75,18,False,414591,5.000152826309204,13.7578125
25,75,225,12.5,3,True,2,7.081031799316406e-05,0.00390625
25,75,225,25,6,True,16945,0.16627097129821777,0.63671875
25,75,225,50,12,False,425042,5.000161647796631,13.46484375
25,75,225,75,18,False,362974,5.0001890659332275,8.0625
26,12.5,41,12.5,3,True,14,0.0001010894775390625,0.0
26,12.5,41,25,6,False,967917,5.000035047531128,4.5546875
26,12.5,41,50,13,False,662994,5.000126838684082,0.33203125
26,12.5,41,75,19,False,522892,5.000063896179199,0.125
26,25,81,12.5,3,True,93,0.0004429817199707031,0.0
26,25,81,25,6,False,852217,5.0001890659332275,0.265625
26,25,81,50,13,False,605408,5.000174045562744,7.734375
26,25,81,75,19,False,487131,5.0001490116119385,9.65234375
26,50,162,12.5,3,True,14,0.0001583099365234375,0.0
26,50,162,25,6,False,618784,5.000136375427246,16.359375
26,50,162,50,13,False,478438,5.000171899795532,9.8828125
26,50,162,75,19,False,401202,5.000051975250244,5.5
26,75,244,12.5,3,True,3,7.486343383789062e-05,0.0
26,75,244,25,6,True,1902,0.019257068634033203,0.0
26,75,244,50,13,False,400118,5.0001280307769775,0.1328125
26,75,244,75,19,False,343753,5.000166177749634,12.1015625
27,12.5,44,12.5,3,True,1346,0.0048999786376953125,0.0
27,12.5,44,25,6,False,982475,5.000223875045776,10.18359375
27,12.5,44,50,13,False,666304,5.000059127807617,5.4140625
27,12.5,44,75,20,False,509480,5.000094175338745,3.43359375
27,25,88,12.5,3,True,35,0.00022077560424804688,0.0
27,25,88,25,6,False,759812,5.000036001205444,0.7109375
27,25,88,50,13,False,556923,5.000114917755127,21.28515625
27,25,88,75,20,False,442726,5.000173091888428,10.59375
27,50,176,12.5,3,True,25,0.00022292137145996094,0.0
27,50,176,25,6,False,583659,5.0001540184021,0.68359375
27,50,176,50,13,False,456064,5.000191926956177,0.57421875
27,50,176,75,20,False,376789,5.000146150588989,0.08984375
27,75,263,12.5,3,True,1,8.296966552734375e-05,0.0
27,75,263,25,6,True,11845,0.12649893760681152,0.0
27,75,263,50,13,False,381767,5.000174045562744,0.09765625
27,75,263,75,20,False,324212,5.0000901222229,13.53125
28,12.5,47,12.5,3,True,300,0.0011630058288574219,0.0
28,12.5,47,25,7,False,904724,5.000159025192261,34.7734375
28,12.5,47,50,14,False,632987,5.000049829483032,2.25
28,12.5,47,75,21,False,486802,5.000151872634888,6.6328125
28,25,94,12.5,3,True,98,0.0005469322204589844,0.0
28,25,94,25,7,False,712340,5.000118970870972,11.671875
28,25,94,50,14,False,533094,5.000140190124512,5.43359375
28,25,94,75,21,False,427595,5.000041961669922,0.03515625
28,50,189,12.5,3,True,9,0.00010013580322265625,0.0
28,50,189,25,7,False,549788,5.000051021575928,0.22265625
28,50,189,50,14,False,432909,5.0001540184021,0.375
28,50,189,75,21,False,360971,5.0001678466796875,0.0625
28,75,284,12.5,3,True,5,0.00010085105895996094,0.0
28,75,284,25,7,False,444487,5.000047206878662,0.1953125
28,75,284,50,14,False,366997,5.000146865844727,0.03125
28,75,284,75,21,False,313847,5.00008487701416,0.5859375
29,12.5,51,12.5,3,True,218,0.0008630752563476562,0.0
29,12.5,51,25,7,False,893640,5.000154972076416,16.66796875
29,12.5,51,50,14,False,626614,5.0000529289245605,1.25390625
29,12.5,51,75,21,False,487582,5.000155925750732,10.41796875
29,25,102,12.5,3,True,94,0.0005397796630859375,0.0
29,25,102,25,7,False,702376,5.000036239624023,0.07421875
29,25,102,50,14,False,524798,5.000141620635986,0.015625
29,25,102,75,21,False,423191,5.000125885009766,0.90625
29,50,203,12.5,3,True,3,6.29425048828125e-05,0.0
29,50,203,25,7,False,538487,5.000158309936523,0.94140625
29,50,203,50,14,False,427681,5.0000529289245605,2.5859375
29,50,203,75,21,False,358676,5.0001490116119385,8.15625
29,75,304,12.5,3,True,9,0.0001437664031982422,0.0
29,75,304,25,7,False,422139,5.000057935714722,0.23828125
29,75,304,50,14,False,351055,5.000072956085205,8.72265625
29,75,304,75,21,False,301028,5.000093221664429,13.2421875
30,12.5,54,12.5,3,True,256,0.0010187625885009766,0.0
30,12.5,54,25,7,False,885036,5.000066757202148,2.66015625
30,12.5,54,50,15,False,592610,5.0001609325408936,4.328125
30,12.5,54,75,22,False,467625,5.000168800354004,1.62890625
30,25,109,12.5,3,True,59,0.00036716461181640625,0.0
30,25,109,25,7,False,691875,5.000034809112549,1.00390625
30,25,109,50,15,False,499151,5.000140190124512,8.37109375
30,25,109,75,22,False,407745,5.000044107437134,0.015625
30,50,218,12.5,3,True,9,0.00011181831359863281,0.0
30,50,218,25,7,False,519963,5.000064849853516,0.30859375
30,50,218,50,15,False,404235,5.000062942504883,0.28515625
30,50,218,75,22,False,340933,5.00018572807312,0.21875
30,75,326,12.5,3,True,5,0.00011610984802246094,0.0
30,75,326,25,7,False,407552,5.0000319480896,0.05859375
30,75,326,50,15,False,332239,5.0000832080841064,13.02734375
30,75,326,75,22,False,288918,5.000056743621826,4.359375
31,12.5,58,12.5,3,True,291,0.0011699199676513672,0.0
31,12.5,58,25,7,False,884144,5.0001678466796875,19.25390625
31,12.5,58,50,15,False,593807,5.000061750411987,8.2265625
31,12.5,58,75,23,False,455863,5.000162124633789,10.4453125
31,25,116,12.5,3,True,7,9.489059448242188e-05,0.0
31,25,116,25,7,False,680809,5.000028848648071,0.03125
31,25,116,50,15,False,497214,5.000075101852417,0.01171875
31,25,116,75,23,False,394335,5.000046968460083,0.0078125
31,50,232,12.5,3,True,7,9.489059448242188e-05,0.0
31,50,232,25,7,False,506053,5.000072002410889,7.48828125
31,50,232,50,15,False,397809,5.000072956085205,3.3203125
31,50,232,75,23,False,328630,5.00017786026001,5.328125
31,75,349,12.5,3,True,2,8.511543273925781e-05,0.0
31,75,349,25,7,True,239901,3.104015827178955,0.2109375
31,75,349,50,15,False,321336,5.0000410079956055,0.01953125
31,75,349,75,23,False,274778,5.000149965286255,0.1484375
32,12.5,62,12.5,4,False,1107013,5.000158071517944,8.24609375
32,12.5,62,25,8,False,818046,5.000173807144165,1.015625
32,12.5,62,50,16,False,568521,5.0000529289245605,3.55859375
32,12.5,62,75,24,False,436899,5.000158071517944,0.07421875
32,25,124,12.5,4,True,30411,0.18946623802185059,0.0
32,25,124,25,8,False,636431,5.000061273574829,0.51953125
32,25,124,50,16,False,473649,5.0001630783081055,17.9140625
32,25,124,75,24,False,377569,5.000191926956177,3.93359375
32,50,248,12.5,4,True,7,0.00010919570922851562,0.0
32,50,248,25,8,False,474263,5.000085115432739,15.33203125
32,50,248,50,16,False,378101,5.000082015991211,14.98046875
32,50,248,75,24,False,315137,5.0000669956207275,2.2734375
32,75,372,12.5,4,True,7,0.0001239776611328125,0.0
32,75,372,25,8,False,365353,5.000121831893921,0.0234375
32,75,372,50,16,False,305595,5.000153064727783,0.203125
32,75,372,75,24,False,263690,5.000182867050171,16.76953125
33,12.5,66,12.5,4,True,19789,0.09039926528930664,0.02734375
33,12.5,66,25,8,False,798959,5.000135183334351,15.0625
33,12.5,66,50,16,False,559480,5.000063180923462,7.234375
33,12.5,66,75,24,False,431984,5.000077962875366,38.94921875
33,25,132,12.5,4,True,1290,0.008446931838989258,0.0
33,25,132,25,8,False,607126,5.000065803527832,10.046875
33,25,132,50,16,False,457981,5.000162124633789,6.34765625
33,25,132,75,24,False,369117,5.000171899795532,7.828125
33,50,264,12.5,4,True,236,0.0023360252380371094,0.0
33,50,264,25,8,False,450569,5.000075101852417,1.91796875
33,50,264,50,16,False,362415,5.000183820724487,3.140625
33,50,264,75,24,False,303130,5.00009298324585,5.0078125
33,75,396,12.5,4,True,20,0.00029778480529785156,0.0
33,75,396,25,8,False,350805,5.000063180923462,5.921875
33,75,396,50,16,False,295245,5.000080108642578,11.62109375
33,75,396,75,24,False,255136,5.000065088272095,2.12109375
34,12.5,70,12.5,4,False,1075292,5.000170946121216,2.125
34,12.5,70,25,8,False,783757,5.0001890659332275,22.63671875
34,12.5,70,50,17,False,534009,5.000186204910278,9.48046875
34,12.5,70,75,25,False,415717,5.000179052352905,4.68359375
34,25,140,12.5,4,True,3307,0.021773099899291992,0.0
34,25,140,25,8,False,595274,5.000154733657837,10.97265625
34,25,140,50,17,False,439643,5.000077724456787,0.35546875
34,25,140,75,25,False,356501,5.000179052352905,3.55078125
34,50,280,12.5,4,True,56,0.0005917549133300781,0.0
34,50,280,25,8,False,441197,5.000155925750732,9.6328125
34,50,280,50,17,False,348959,5.000174283981323,0.95703125
34,50,280,75,25,False,294638,5.000083923339844,0.03125
34,75,421,12.5,4,True,26,0.0003941059112548828,0.0
34,75,421,25,8,False,335817,5.000071048736572,0.40234375
34,75,421,50,17,False,279911,5.000071048736572,9.05859375
34,75,421,75,25,False,244041,5.000158071517944,12.62890625
35,12.5,74,12.5,4,False,1057942,5.000169992446899,0.1640625
35,12.5,74,25,8,False,762537,5.00018310546875,0.88671875
35,12.5,74,50,17,False,528060,5.000166893005371,0.1484375
35,12.5,74,75,26,False,400823,5.000176191329956,0.45703125
35,25,149,12.5,4,True,1698,0.011433124542236328,0.0
35,25,149,25,8,False,585775,5.000058174133301,0.04296875
35,25,149,50,17,False,435560,5.000070810317993,0.0546875
35,25,149,75,26,False,345042,5.000173807144165,18.94140625
35,50,298,12.5,4,True,12,0.0001690387725830078,0.0
35,50,298,25,8,False,423821,5.000166177749634,11.55859375
35,50,298,50,17,False,340392,5.000168800354004,1.140625
35,50,298,75,26,False,282250,5.000158071517944,0.609375
35,75,446,12.5,4,True,4,0.00014972686767578125,0.0078125
35,75,446,25,8,False,272370,5.000146865844727,8.9375
35,75,446,50,17,False,236806,5.000165224075317,9.515625
35,75,446,75,26,False,206561,5.0001561641693115,0.74609375
36,12.5,79,12.5,4,False,1038395,5.000187873840332,0.11328125
36,12.5,79,25,9,False,715760,5.000175952911377,0.98828125
36,12.5,79,50,18,False,503451,5.000180006027222,0.828125
36,12.5,79,75,27,False,386306,5.000178813934326,5.53125
36,25,158,12.5,4,True,4968,0.033663034439086914,0.00390625
36,25,158,25,9,False,552611,5.000071048736572,9.6484375
36,25,158,50,18,False,416468,5.000121831893921,0.24609375
36,25,158,75,27,False,333605,5.00019907951355,1.1328125
36,50,315,12.5,4,True,85,0.0009639263153076172,0.0
36,50,315,25,9,False,393758,5.00014328956604,0.20703125
36,50,315,50,18,False,320213,5.00008487701416,0.03515625
36,50,315,75,27,False,267985,5.000147342681885,2.06640625
36,75,472,12.5,4,True,81,0.0015060901641845703,0.0
36,75,472,25,9,False,257881,5.000154733657837,2.7265625
36,75,472,50,18,False,225258,5.0000879764556885,0.0859375
36,75,472,75,27,False,197450,5.000080823898315,0.01171875
37,12.5,83,12.5,4,True,54134,0.2939929962158203,0.32421875
37,12.5,83,25,9,False,657983,5.0000739097595215,0.15234375
37,12.5,83,50,18,False,475537,5.000064849853516,0.1015625
37,12.5,83,75,27,False,370653,5.000157833099365,0.046875
37,25,166,12.5,4,True,6087,0.042088985443115234,0.0
37,25,166,25,9,False,545547,5.00006103515625,7.35546875
37,25,166,50,18,False,413236,5.000078916549683,2.58203125
37,25,166,75,27,False,330980,5.000082969665527,8.83984375
37,50,333,12.5,4,True,21,0.00027370452880859375,0.0
37,50,333,25,9,False,385771,5.000065088272095,1.296875
37,50,333,50,18,False,314501,5.000076055526733,1.140625
37,50,333,75,27,False,264567,5.000097036361694,6.703125
37,75,500,12.5,4,True,101,0.0019598007202148438,0.0
37,75,500,25,9,False,246536,5.000214099884033,8.37109375
37,75,500,50,18,False,217503,5.000074148178101,1.1015625
37,75,500,75,27,False,191615,5.000093936920166,0.64453125
38,12.5,88,12.5,4,True,3139,0.017497777938842773,0.0
38,12.5,88,25,9,False,640558,5.000184059143066,14.70703125
38,12.5,88,50,19,False,453288,5.0000901222229,3.328125
38,12.5,88,75,28,False,355412,5.000174045562744,1.53125
38,25,176,12.5,4,True,3140,0.022842884063720703,0.0
38,25,176,25,9,False,524922,5.000062942504883,0.609375
38,25,176,50,19,False,389377,5.000072956085205,0.31640625
38,25,176,75,28,False,316507,5.000143766403198,1.390625
38,50,352,12.5,4,True,42,0.0005209445953369141,0.0
38,50,352,25,9,False,372001,5.000155925750732,0.09375
38,50,352,50,19,False,300007,5.0000998973846436,1.9140625
38,50,352,75,28,False,252272,5.000166893005371,33.171875
38,75,527,12.5,4,True,3,0.0001442432403564453,0.0078125
38,75,527,25,9,False,237767,5.000079154968262,36.8203125
38,75,527,50,19,False,18360,195.37349796295166,7.9296875
38,75,527,75,28,False,124560,5.000263214111328,20.265625
39,12.5,93,12.5,4,True,59752,0.9001550674438477,13.42578125
39,12.5,93,25,9,False,628085,5.000086069107056,124.09375
39,12.5,93,50,19,False,443561,5.00016188621521,5.8515625
39,12.5,93,75,29,False,338834,5.000182151794434,52.6953125
39,25,185,12.5,4,True,2105,0.015603780746459961,0.03515625
39,25,185,25,9,False,513189,5.000066041946411,35.83203125
39,25,185,50,19,False,383597,5.000084400177002,9.4609375
39,25,185,75,29,False,306048,5.000079870223999,9.46875
39,50,370,12.5,4,True,239,0.0028319358825683594,0.0
39,50,370,25,9,False,361691,5.000058174133301,4.80078125
39,50,370,50,19,False,292585,5.000080108642578,6.3984375
39,50,370,75,29,False,243704,5.000079870223999,7.8359375
39,75,556,12.5,4,True,20,0.0004680156707763672,0.0
39,75,556,25,9,False,232421,5.000072956085205,0.78515625
39,75,556,50,19,False,201826,5.000089168548584,16.96875
39,75,556,75,29,False,174085,5.000113010406494,35.51953125
40,12.5,98,12.5,5,False,818402,5.000092267990112,5.87890625
40,12.5,98,25,10,False,595604,5.0000951290130615,36.93359375
40,12.5,98,50,20,False,431690,5.000198841094971,34.70703125
40,12.5,98,75,30,False,335738,5.000194072723389,33.07421875
40,25,195,12.5,5,True,331108,2.661479949951172,0.94921875
40,25,195,25,10,False,483341,5.000089168548584,15.078125
40,25,195,50,20,False,368421,5.000077962875366,39.05859375
40,25,195,75,30,False,288216,5.000078916549683,5.09375
40,50,390,12.5,5,True,3595,0.05451011657714844,0.0
40,50,390,25,10,False,280055,5.000067234039307,14.5078125
40,50,390,50,20,False,241681,5.000070810317993,14.19921875
40,50,390,75,30,False,206140,5.000111103057861,29.078125
40,75,585,12.5,5,True,250,0.005252838134765625,0.0
40,75,585,25,10,False,217239,5.000061988830566,5.3671875
40,75,585,50,20,False,185691,5.000072002410889,14.81640625
40,75,585,75,30,False,159201,5.00007700920105,23.8046875
41,12.5,102,12.5,5,False,791566,5.000123977661133,2.87109375
41,12.5,102,25,10,False,570646,5.000068187713623,18.953125
41,12.5,102,50,20,False,422281,5.000094890594482,107.98046875
41,12.5,102,75,30,False,325934,5.000086069107056,73.484375
41,25,205,12.5,5,True,64079,0.5367140769958496,19.9765625
41,25,205,25,10,False,468654,5.0000786781311035,34.1484375
41,25,205,50,20,False,360651,5.000085115432739,36.94921875
41,25,205,75,30,False,285602,5.000099182128906,34.5546875
41,50,410,12.5,5,True,11298,0.1839890480041504,7.13671875
41,50,410,25,10,False,274884,5.000089168548584,14.67578125
41,50,410,50,20,False,230966,5.000080823898315,13.1171875
41,50,410,75,30,False,202077,5.000099182128906,8.51171875
41,75,615,12.5,5,True,1218,0.027467966079711914,0.0
41,75,615,25,10,False,209996,5.000086069107056,41.23828125
41,75,615,50,20,False,177175,5.000097036361694,42.58203125
41,75,615,75,30,False,161531,5.00007700920105,37.4140625
42,12.5,108,12.5,5,False,795227,5.0000691413879395,135.8359375
42,12.5,108,25,10,False,577703,5.000077962875366,1.6640625
42,12.5,108,50,21,False,409006,5.000179052352905,50.015625
42,12.5,108,75,31,False,321933,5.000097036361694,10.62109375
42,25,215,12.5,5,False,592103,5.0001540184021,19.64453125
42,25,215,25,10,False,457141,5.000078916549683,31.63671875
42,25,215,50,21,False,350666,5.000091314315796,19.4296875
42,25,215,75,31,False,283432,5.000079154968262,31.1171875
42,50,430,12.5,5,True,1724,0.027586936950683594,2.453125
42,50,430,25,10,False,277336,5.00006890296936,25.23828125
42,50,430,50,21,False,231591,5.000098943710327,25.83984375
42,50,430,75,31,False,199366,5.000072956085205,21.203125
42,75,646,12.5,5,True,212,0.0048868656158447266,0.0
42,75,646,25,10,False,207258,5.000085115432739,3.63671875
42,75,646,50,21,False,179909,5.000081300735474,7.21875
42,75,646,75,31,False,157450,5.0001060962677,4.1640625
43,12.5,113,12.5,5,False,791331,5.000195741653442,0.04296875
43,12.5,113,25,10,False,571104,5.000089168548584,2.37109375
43,12.5,113,50,21,False,404366,5.000070333480835,0.38671875
43,12.5,113,75,32,False,303624,5.0000739097595215,2.24609375
43,25,226,12.5,5,False,564385,5.000072240829468,2.53125
43,25,226,25,10,False,454794,5.000096082687378,0.87109375
43,25,226,50,21,False,341605,5.000080108642578,2.44140625
43,25,226,75,32,False,272781,5.000155925750732,17.0859375
43,50,452,12.5,5,True,5924,0.10547184944152832,2.2265625
43,50,452,25,10,False,264173,5.000090837478638,27.16796875
43,50,452,50,21,False,221462,5.000091075897217,35.59375
43,50,452,75,32,False,190379,5.000065088272095,7.5078125
43,75,677,12.5,5,True,994,0.022816896438598633,0.0078125
43,75,677,25,10,False,203140,5.00008487701416,4.6796875
43,75,677,50,21,False,173295,5.000084161758423,7.7734375
43,75,677,75,32,False,154576,5.000093936920166,0.21484375
44,12.5,118,12.5,5,False,779640,5.000186920166016,28.1875
44,12.5,118,25,11,False,558411,5.000193119049072,23.50390625
44,12.5,118,50,22,False,395823,5.000143051147461,2.3359375
44,12.5,118,75,33,False,307450,5.000165224075317,9.16015625
44,25,236,12.5,5,True,86458,0.7640998363494873,7.41015625
44,25,236,25,11,False,440053,5.000119924545288,5.11328125
44,25,236,50,22,False,334890,5.000092029571533,1.06640625
44,25,236,75,33,False,268397,5.000161170959473,2.29296875
44,50,473,12.5,5,True,8738,0.1471233367919922,0.00390625
44,50,473,25,11,False,259148,5.000067234039307,0.38671875
44,50,473,50,22,False,218510,5.00008487701416,0.32421875
44,50,473,75,33,False,188318,5.000070810317993,0.01171875
44,75,710,12.5,5,True,3,0.0001499652862548828,0.01171875
44,75,710,25,11,False,191688,5.000081777572632,18.25
44,75,710,50,22,False,166933,5.000102281570435,12.16015625
44,75,710,75,33,False,148793,5.0000879764556885,0.0390625
45,12.5,124,12.5,5,False,775560,5.000103950500488,4.546875
45,12.5,124,25,11,False,554904,5.0000810623168945,0.49609375
45,12.5,124,50,22,False,393179,5.0000739097595215,0.44140625
45,12.5,124,75,33,False,306086,5.000147819519043,3.03125
45,25,248,12.5,5,True,397302,3.608478307723999,7.8203125
45,25,248,25,11,False,426793,5.00009298324585,4.80859375
45,25,248,50,22,False,323570,5.00007700920105,2.32421875
45,25,248,75,33,False,262154,5.000076055526733,21.92578125
45,50,495,12.5,5,True,18084,0.3230469226837158,18.328125
45,50,495,25,11,False,247515,5.0000810623168945,15.6328125
45,50,495,50,22,False,208945,5.0000739097595215,20.0078125
45,50,495,75,33,False,179909,5.0000998973846436,15.80078125
45,75,742,12.5,5,True,873,0.021615028381347656,0.0078125
45,75,742,25,11,False,184018,5.000077962875366,13.9453125
45,75,742,50,22,False,160815,5.000101089477539,9.08984375
45,75,742,75,33,False,144537,5.000120162963867,0.06640625
46,12.5,129,12.5,5,False,752607,5.0000691413879395,3.59375
46,12.5,129,25,11,False,545686,5.0000691413879395,0.14453125
46,12.5,129,50,23,False,379968,5.000182867050171,3.9375
46,12.5,129,75,34,False,296883,5.000094175338745,3.6796875
46,25,259,12.5,5,True,200408,1.842216968536377,0.00390625
46,25,259,25,11,False,424855,5.000067949295044,18.0859375
46,25,259,50,23,False,316707,5.000082015991211,18.1328125
46,25,259,75,34,False,255728,5.000082969665527,5.1328125
46,50,518,12.5,5,True,9609,0.17699098587036133,0.0
46,50,518,25,11,False,240443,5.000087022781372,4.375
46,50,518,50,23,False,198632,5.000094890594482,2.05859375
46,50,518,75,34,False,173385,5.000076055526733,9.2421875
46,75,776,12.5,5,True,1098,0.029024124145507812,0.0
46,75,776,25,11,False,179472,5.000096082687378,6.16796875
46,75,776,50,23,False,155880,5.00007176399231,1.8203125
46,75,776,75,34,False,140338,5.000070095062256,16.8359375
47,12.5,135,12.5,5,False,753913,5.000180959701538,17.11328125
47,12.5,135,25,11,False,543217,5.000104904174805,3.4453125
47,12.5,135,50,23,False,366178,5.000124216079712,8.1953125
47,12.5,135,75,35,False,284147,5.00007700920105,9.421875
47,25,270,12.5,5,False,513759,5.000105857849121,2.53125
47,25,270,25,11,False,404690,5.0000739097595215,5.28515625
47,25,270,50,23,False,306341,5.000076770782471,13.28125
47,25,270,75,35,False,240409,5.000088691711426,27.34765625
47,50,540,12.5,5,True,1568,0.03068065643310547,0.0
47,50,540,25,11,False,231364,5.0000691413879395,3.59765625
47,50,540,50,23,False,197137,5.000095844268799,9.41796875
47,50,540,75,35,False,170247,5.000103950500488,5.4296875
47,75,811,12.5,5,True,580,0.015166044235229492,0.0
47,75,811,25,11,False,175852,5.000076055526733,5.5078125
47,75,811,50,23,False,154209,5.000089883804321,1.19140625
47,75,811,75,35,False,136709,5.000074148178101,2.7734375
48,12.5,141,12.5,6,False,662170,5.00018310546875,0.24609375
48,12.5,141,25,12,False,518479,5.000088930130005,20.40234375
48,12.5,141,50,24,False,364594,5.000158309936523,6.01953125
48,12.5,141,75,36,False,282364,5.000104904174805,0.6796875
48,25,282,12.5,6,False,464426,5.00007700920105,0.41796875
48,25,282,25,12,False,390606,5.000076770782471,11.61328125
48,25,282,50,24,False,292146,5.000076055526733,33.00390625
48,25,282,75,36,False,233310,5.0000879764556885,9.43359375
48,50,564,12.5,6,True,34784,0.8205230236053467,12.31640625
48,50,564,25,12,False,220274,5.000066041946411,31.2265625
48,50,564,50,24,False,187402,5.000072956085205,4.05859375
48,50,564,75,36,False,160492,5.000095844268799,14.421875
48,75,846,12.5,6,True,4245,0.11910605430603027,0.11328125
48,75,846,25,12,False,163010,5.000072002410889,1.4765625
48,75,846,50,24,False,141912,5.000090837478638,30.171875
48,75,846,75,36,False,129625,5.00008487701416,18.45703125
49,12.5,147,12.5,6,False,647966,5.000091791152954,18.41796875
49,12.5,147,25,12,False,511827,5.000079154968262,4.6328125
49,12.5,147,50,24,False,358784,5.000108003616333,24.9296875
49,12.5,147,75,36,False,279741,5.000075101852417,16.16015625
49,25,294,12.5,6,False,469074,5.000087022781372,17.32421875
49,25,294,25,12,False,391179,5.000074863433838,44.1796875
49,25,294,50,24,False,298157,5.000077962875366,11.59765625
49,25,294,75,36,False,239459,5.000088214874268,31.4296875
49,50,588,12.5,6,False,241876,5.000076055526733,19.82421875
49,50,588,25,12,False,211301,5.000077962875366,48.51953125
49,50,588,50,24,False,185569,5.000099182128906,58.3828125
49,50,588,75,36,False,162004,5.00009298324585,0.08203125
49,75,882,12.5,6,True,152,0.004538297653198242,0.0078125
49,75,882,25,12,False,164185,5.000068187713623,1.20703125
49,75,882,50,24,False,143617,5.00011420249939,21.2109375
49,75,882,75,36,False,128816,5.000074148178101,1.7578125
50,12.5,153,12.5,6,False,641310,5.000080823898315,13.93359375
50,12.5,153,25,12,False,510602,5.000076055526733,15.3359375
50,12.5,153,50,25,False,349986,5.000070810317993,10.484375
50,12.5,153,75,37,False,272996,5.00008487701416,5.3359375
50,25,306,12.5,6,False,453668,5.000068187713623,5.62109375
50,25,306,25,12,False,381939,5.0000739097595215,3.79296875
50,25,306,50,25,False,286173,5.000088930130005,10.66796875
50,25,306,75,37,False,232914,5.00008487701416,4.265625
50,50,612,12.5,6,True,210697,4.355686187744141,5.09765625
50,50,612,25,12,False,220698,5.000086069107056,4.88671875
50,50,612,50,25,False,184518,5.000088930130005,4.07421875
50,50,612,75,37,False,159108,5.000096559524536,42.4609375
50,75,919,12.5,6,True,1640,0.05071091651916504,17.3515625
50,75,919,25,12,False,156909,5.000134229660034,20.78125
50,75,919,50,25,False,137912,5.000103235244751,4.96484375
50,75,919,75,37,False,124636,5.000098943710327,0.88671875
51,12.5,159,12.5,6,False,635922,5.000085115432739,0.484375
51,12.5,159,25,12,False,500843,5.000065088272095,23.77734375
51,12.5,159,50,25,False,346668,5.00020694732666,2.9453125
51,12.5,159,75,38,False,267649,5.00013279914856,10.32421875
51,25,319,12.5,6,False,445993,5.00009298324585,26.22265625
51,25,319,25,12,False,377795,5.000079154968262,2.20703125
51,25,319,50,25,False,282712,5.0000832080841064,3.0234375
51,25,319,75,38,False,227673,5.000077962875366,0.1875
51,50,638,12.5,6,True,124439,2.6877129077911377,0.25390625
51,50,638,25,12,False,212356,5.00015115737915,7.34765625
51,50,638,50,25,False,178647,5.00007176399231,2.8984375
51,50,638,75,38,False,154984,5.000065088272095,0.65625
51,75,956,12.5,6,True,139,0.004364013671875,0.0
51,75,956,25,12,False,154200,5.000110149383545,0.03125
51,75,956,50,25,False,135401,5.000081300735474,0.46484375
51,75,956,75,38,False,120798,5.000077724456787,5.37109375
52,12.5,166,12.5,6,False,628114,5.00007700920105,0.49609375
52,12.5,166,25,13,False,484008,5.0001678466796875,14.13671875
52,12.5,166,50,26,False,340522,5.000176668167114,8.19140625
52,12.5,166,75,39,False,263070,5.000166893005371,0.328125
52,25,332,12.5,6,False,436833,5.000051975250244,4.890625
52,25,332,25,13,False,359536,5.000066757202148,1.18359375
52,25,332,50,26,False,273205,5.000093936920166,6.90234375
52,25,332,75,39,False,219740,5.000102996826172,6.0234375
52,50,663,12.5,6,False,222847,5.00009298324585,13.94140625
52,50,663,25,13,False,204427,5.000075101852417,13.39453125
52,50,663,50,26,False,172179,5.000094890594482,38.34765625
52,50,663,75,39,False,149437,5.000087022781372,18.29296875
52,75,994,12.5,6,True,15600,0.49265098571777344,2.1796875
52,75,994,25,13,False,146848,5.000070095062256,9.64453125
52,75,994,50,26,False,129700,5.0000879764556885,25.9609375
52,75,994,75,39,False,116160,5.000107049942017,2.15625
53,12.5,172,12.5,6,False,616318,5.000093936920166,9.91796875
53,12.5,172,25,13,False,476646,5.0000901222229,2.375
53,12.5,172,50,26,False,334252,5.000097751617432,1.4296875
53,12.5,172,75,39,False,258917,5.000080823898315,2.09375
53,25,344,12.5,6,False,419599,5.0000810623168945,3.09375
53,25,344,25,13,False,351197,5.000082969665527,37.76171875
53,25,344,50,26,False,265537,5.000074863433838,33.48046875
53,25,344,75,39,False,215823,5.000094175338745,0.28125
53,50,689,12.5,6,True,141835,3.195157051086426,8.16015625
53,50,689,25,13,False,199895,5.000080347061157,2.38671875
53,50,689,50,26,False,168764,5.00008487701416,16.640625
53,50,689,75,39,False,147431,5.000066041946411,19.75390625
53,75,1034,12.5,6,True,2491,0.08119726181030273,20.578125
53,75,1034,25,13,False,141522,5.000100135803223,14.3046875
53,75,1034,50,26,False,126008,5.000074148178101,7.17578125
53,75,1034,75,39,False,110905,5.000094175338745,28.5546875
54,12.5,179,12.5,6,False,604943,5.000079154968262,17.9921875
54,12.5,179,25,13,False,471130,5.000086069107056,14.96484375
54,12.5,179,50,27,False,325071,5.000120162963867,0.109375
54,12.5,179,75,40,False,250979,5.000184059143066,4.57421875
54,25,358,12.5,6,False,339139,5.000094890594482,3.125
54,25,358,25,13,False,293165,5.000061988830566,0.18359375
54,25,358,50,27,False,230271,5.000071287155151,0.1171875
54,25,358,75,40,False,191494,5.000075101852417,2.60546875
54,50,716,12.5,6,False,215099,5.000082969665527,4.42578125
54,50,716,25,13,False,196921,5.000056028366089,0.73046875
54,50,716,50,27,False,165617,5.000056028366089,1.9453125
54,50,716,75,40,False,144979,5.000033617019653,0.08203125
54,75,1073,12.5,6,True,131,0.004495143890380859,0.0078125
54,75,1073,25,13,False,139427,5.000084400177002,1.20703125
54,75,1073,50,27,False,123387,5.000051975250244,1.421875
54,75,1073,75,40,False,111408,5.000048875808716,9.46484375
55,12.5,186,12.5,6,False,587383,5.0000481605529785,1.7890625
55,12.5,186,25,13,False,463287,5.000135183334351,0.19140625
55,12.5,186,50,27,False,321366,5.0001280307769775,0.52734375
55,12.5,186,75,41,False,247739,5.000185012817383,0.26953125
55,25,371,12.5,6,False,330654,5.0001020431518555,9.984375
55,25,371,25,13,False,255475,276.410884141922,15.265625
55,25,371,50,27,False,223193,5.000108003616333,15.8671875
55,25,371,75,41,False,185378,5.000085115432739,11.53515625
55,50,742,12.5,6,True,2501,0.06067800521850586,0.015625
55,50,742,25,13,False,190410,5.000179767608643,26.56640625
55,50,742,50,27,False,160490,5.000085115432739,3.203125
55,50,742,75,41,False,141160,5.000051975250244,0.51171875
55,75,1114,12.5,6,True,13551,0.4718499183654785,0.05078125
55,75,1114,25,13,False,135065,5.000087022781372,6.09765625
55,75,1114,50,27,False,119711,5.000046968460083,3.6015625
55,75,1114,75,41,False,58686,1062.5005719661713,23.24609375
56,12.5,192,12.5,7,False,556920,5.0002710819244385,38.828125
56,12.5,192,25,14,False,156665,91.05002284049988,29.99609375
56,12.5,192,50,28,False,213601,5.0001220703125,40.62890625
56,12.5,192,75,42,False,207974,5.000078201293945,66.578125
56,25,385,12.5,7,False,316430,5.000082015991211,26.30078125
56,25,385,25,14,False,285198,5.0000529289245605,12.80078125
56,25,385,50,28,False,224315,5.000087022781372,4.79296875
56,25,385,75,42,False,185335,5.000048875808716,1.18359375
56,50,770,12.5,7,False,197855,5.000083923339844,9.7734375
56,50,770,25,14,False,182442,5.000074148178101,13.40625
56,50,770,50,28,False,155204,5.000067949295044,10.171875
56,50,770,75,42,False,134995,5.000078201293945,0.203125
56,75,1155,12.5,7,True,50376,1.856194257736206,0.01953125
56,75,1155,25,14,False,128444,5.000114917755127,34.8671875
56,75,1155,50,28,False,113910,5.000082969665527,2.34375
56,75,1155,75,42,False,103121,5.000069856643677,0.4453125
57,12.5,200,12.5,7,False,561698,5.000039100646973,2.38671875
57,12.5,200,25,14,False,445609,5.0000739097595215,1.828125
57,12.5,200,50,28,False,313765,5.0000529289245605,0.21875
57,12.5,200,75,42,False,242204,5.000168800354004,0.015625
57,25,399,12.5,7,False,316362,5.000047922134399,0.19921875
57,25,399,25,14,False,278559,5.00007176399231,0.21484375
57,25,399,50,28,False,219677,5.000084161758423,1.2578125
57,25,399,75,42,False,182153,5.000184059143066,1.05859375
57,50,798,12.5,7,False,194334,5.0000550746917725,0.00390625
57,50,798,25,14,False,179010,5.000080108642578,3.1015625
57,50,798,50,28,False,153124,5.000066041946411,0.07421875
57,50,798,75,42,False,133824,5.000159025192261,2.5625
57,75,1197,12.5,7,False,132851,5.000103950500488,5.33203125
57,75,1197,25,14,False,125406,5.00009822845459,4.41796875
57,75,1197,50,28,False,111648,5.000059127807617,1.21875
57,75,1197,75,42,False,101754,5.000082015991211,0.125
58,12.5,207,12.5,7,False,549119,5.00005030632019,0.1171875
58,12.5,207,25,14,False,439348,5.000082015991211,0.140625
58,12.5,207,50,29,False,302515,5.000066041946411,0.51171875
58,12.5,207,75,43,False,236171,5.0000996589660645,0.12890625
58,25,413,12.5,7,False,312165,5.00006103515625,2.05078125
58,25,413,25,14,False,274502,5.000176906585693,0.62890625
58,25,413,50,29,False,213848,5.000148296356201,0.74609375
58,25,413,75,43,False,178608,5.000049829483032,2.5546875
58,50,826,12.5,7,False,190572,5.0000879764556885,2.48046875
58,50,826,25,14,False,176568,5.00006103515625,17.28515625
58,50,826,50,29,False,148864,5.000209093093872,2.015625
58,50,826,75,43,False,130959,5.000085353851318,0.11328125
58,75,1240,12.5,7,False,128749,5.00015926361084,1.13671875
58,75,1240,25,14,False,121924,5.000089883804321,0.06640625
58,75,1240,50,29,False,108596,5.000174045562744,1.7265625
58,75,1240,75,43,False,98506,5.000097990036011,8.3671875
59,12.5,214,12.5,7,False,548895,5.000159978866577,0.42578125
59,12.5,214,25,14,False,440562,5.000165224075317,10.4296875
59,12.5,214,50,29,False,303142,5.000162124633789,6.0390625
59,12.5,214,75,44,False,233927,5.000078201293945,0.24609375
59,25,428,12.5,7,False,309337,5.000068187713623,2.85546875
59,25,428,25,14,False,273257,5.0000410079956055,0.125
59,25,428,50,29,False,213659,5.00009298324585,0.02734375
59,25,428,75,44,False,176144,5.00004768371582,0.0078125
59,50,856,12.5,7,False,183134,5.000083923339844,0.27734375
59,50,856,25,14,False,169160,5.000058174133301,0.13671875
59,50,856,50,29,False,144370,5.000187158584595,0.01171875
59,50,856,75,44,False,125565,5.000178098678589,19.15625
59,75,1283,12.5,7,True,3997,0.16183900833129883,0.03515625
59,75,1283,25,14,False,117889,5.000159978866577,14.125
59,75,1283,50,29,False,105599,5.000118017196655,4.47265625
59,75,1283,75,44,False,95414,5.00007700920105,6.5859375
60,12.5,221,12.5,7,False,541258,5.000151872634888,0.37890625
60,12.5,221,25,15,False,424000,5.000089883804321,4.3828125
60,12.5,221,50,30,False,296449,5.000067234039307,0.39453125
60,12.5,221,75,45,False,227216,5.0001609325408936,28.28125
60,25,442,12.5,7,False,293049,5.000082015991211,20.42578125
60,25,442,25,15,False,29748,945.8411657810211,28.79296875
60,25,442,50,30,False,147516,5.000093936920166,107.14453125
60,25,442,75,45,False,146603,5.000122785568237,76.8671875
60,50,885,12.5,7,False,172578,5.000088214874268,41.73046875
60,50,885,25,15,False,162314,5.000089168548584,5.8515625
60,50,885,50,30,False,139078,5.000072956085205,10.53515625
60,50,885,75,45,False,122047,5.000062942504883,0.55078125
60,75,1328,12.5,7,False,121427,5.000111103057861,16.9296875
60,75,1328,25,15,False,114920,5.000068187713623,4.1484375
60,75,1328,50,30,False,102905,5.000057935714722,7.015625
60,75,1328,75,45,False,93212,5.000111103057861,10.0390625
61,12.5,229,12.5,7,False,529132,5.000086069107056,9.74609375
61,12.5,229,25,15,False,419792,5.000159025192261,3.1015625
61,12.5,229,50,30,False,292019,5.000085115432739,1.29296875
61,12.5,229,75,45,False,227069,5.000087022781372,3.6875
61,25,458,12.5,7,False,288662,5.000178813934326,0.7265625
61,25,458,25,15,False,256662,5.000111818313599,2.17578125
61,25,458,50,30,False,203711,5.0001280307769775,1.234375
61,25,458,75,45,False,168800,5.000074148178101,0.03125
61,50,915,12.5,7,False,174687,5.000089168548584,23.23828125
61,50,915,25,15,False,159972,5.000190258026123,17.39453125
61,50,915,50,30,False,32873,1058.9436202049255,34.3125
61,50,915,75,45,False,119904,5.000224828720093,21.46484375
61,75,1372,12.5,7,False,41890,1052.989951133728,10.48046875
61,75,1372,25,15,False,110110,5.0002219676971436,8.59375
61,75,1372,50,30,False,35594,300.5470998287201,9.2890625
61,75,1372,75,45,False,89938,5.000156879425049,27.97265625
62,12.5,236,12.5,7,False,512429,5.000173807144165,4.67578125
62,12.5,236,25,15,False,406092,5.000085830688477,20.76953125
62,12.5,236,50,31,False,282939,5.000079154968262,1.29296875
62,12.5,236,75,46,False,221510,5.000162124633789,1.5390625
62,25,473,12.5,7,False,282599,5.000088930130005,5.953125
62,25,473,25,15,False,247761,5.000093221664429,2.69140625
62,25,473,50,31,False,196075,5.000097036361694,0.80078125
62,25,473,75,46,False,162483,5.0001068115234375,29.79296875
62,50,946,12.5,7,False,62725,90.62079310417175,0.0390625
62,50,946,25,15,False,105535,5.00041127204895,83.35546875
62,50,946,50,31,False,117974,5.000085830688477,70.76171875
62,50,946,75,46,False,112631,5.000091791152954,27.14453125
62,75,1418,12.5,7,True,95358,4.5743727684021,6.3203125
62,75,1418,25,15,False,103672,5.0001137256622314,4.1875
62,75,1418,50,31,False,96189,5.0001630783081055,5.64453125
62,75,1418,75,46,False,88234,5.0001161098480225,3.22265625
63,12.5,244,12.5,7,False,501971,5.00007176399231,10.55078125
63,12.5,244,25,15,False,401735,5.00007700920105,0.546875
63,12.5,244,50,31,False,278616,5.000195026397705,3.3515625
63,12.5,244,75,47,False,215373,5.000083923339844,9.1015625
63,25,488,12.5,7,False,276606,5.000195026397705,28.93359375
63,25,488,25,15,False,239815,5.000082015991211,46.96484375
63,25,488,50,31,False,189832,5.0000739097595215,11.859375
63,25,488,75,47,False,158531,5.00010085105896,49.83984375
63,50,976,12.5,7,False,165470,5.000097990036011,3.65234375
63,50,976,25,15,False,151967,5.000097990036011,5.62890625
63,50,976,50,31,False,129029,5.000066041946411,62.82421875
63,50,976,75,47,False,113696,5.000164985656738,27.61328125
63,75,1465,12.5,7,False,109832,5.000117063522339,1.47265625
63,75,1465,25,15,False,103883,5.000111103057861,23.94140625
63,75,1465,50,31,False,94272,5.000117778778076,24.1171875
63,75,1465,75,47,False,85340,5.000120162963867,17.62109375
64,12.5,252,12.5,8,False,488488,5.000076055526733,11.984375
64,12.5,252,25,16,False,392911,5.000164031982422,10.5859375
64,12.5,252,50,32,False,275949,5.000096082687378,1.0390625
64,12.5,252,75,48,False,213387,5.000158071517944,6.2734375
64,25,504,12.5,8,False,272586,5.0000481605529785,2.87890625
64,25,504,25,16,False,240238,5.000091075897217,2.6328125
64,25,504,50,32,False,191248,5.000076055526733,1.7890625
64,25,504,75,48,False,159308,5.00006890296936,1.1171875
64,50,1008,12.5,8,False,159888,5.000078201293945,10.12890625
64,50,1008,25,16,False,148874,5.000097036361694,0.49609375
64,50,1008,50,32,False,127810,5.000075101852417,0.46484375
64,50,1008,75,48,False,111950,5.000098943710327,0.07421875
64,75,1512,12.5,8,False,105800,5.00004506111145,0.05859375
64,75,1512,25,16,False,100310,5.0001420974731445,6.0078125
64,75,1512,50,32,False,90675,5.000079154968262,0.9765625
64,75,1512,75,48,False,82456,5.000082015991211,2.23046875
65,12.5,260,12.5,8,False,470931,5.0000388622283936,0.80078125
65,12.5,260,25,16,False,380157,5.000072956085205,0.74609375
65,12.5,260,50,32,False,270529,5.000089883804321,7.96484375
65,12.5,260,75,48,False,210326,5.000163793563843,5.40625
65,25,520,12.5,8,False,272901,5.0000410079956055,5.6796875
65,25,520,25,16,False,241095,5.000182151794434,0.02734375
65,25,520,50,32,False,191484,5.000058174133301,0.2734375
65,25,520,75,48,False,159133,5.000135898590088,0.23828125
65,50,1040,12.5,8,False,155602,5.000067949295044,0.5703125
65,50,1040,25,16,False,144181,5.000151872634888,0.4296875
65,50,1040,50,32,False,124478,5.000194072723389,32.0625
65,50,1040,75,48,False,109667,5.000104904174805,13.14453125
65,75,1560,12.5,8,False,101715,5.000051021575928,0.8203125
65,75,1560,25,16,False,96649,5.000091075897217,2.24609375
65,75,1560,50,32,False,87684,5.0001091957092285,4.0234375
65,75,1560,75,48,False,80384,5.00017523765564,2.859375
66,12.5,268,12.5,8,False,464529,5.000091314315796,13.7890625
66,12.5,268,25,16,False,376969,5.000084161758423,4.234375
66,12.5,268,50,33,False,264506,5.000064134597778,1.1640625
66,12.5,268,75,49,False,206490,5.0001630783081055,3.51953125
66,25,536,12.5,8,False,255339,5.000086784362793,7.8046875
66,25,536,25,16,False,228316,5.000076055526733,7.80078125
66,25,536,50,33,False,181490,5.000179052352905,0.85546875
66,25,536,75,49,False,151013,5.000051975250244,3.62109375
66,50,1072,12.5,8,False,149949,5.000074148178101,0.64453125
66,50,1072,25,16,False,139545,5.00007700920105,1.62109375
66,50,1072,50,33,False,120186,5.000111818313599,1.73828125
66,50,1072,75,49,False,105900,5.000113248825073,20.4140625
66,75,1609,12.5,8,False,100571,5.000128746032715,17.91796875
66,75,1609,25,16,False,96333,5.0000739097595215,7.01953125
66,75,1609,50,33,False,86774,5.000179290771484,5.6015625
66,75,1609,75,49,False,79186,5.000115871429443,1.7265625
67,12.5,276,12.5,8,False,450287,5.000067949295044,2.72265625
67,12.5,276,25,16,False,369019,5.000044107437134,2.08984375
67,12.5,276,50,33,False,260392,5.0000901222229,20.640625
67,12.5,276,75,50,False,200300,5.000187158584595,1.7421875
67,25,553,12.5,8,False,253553,5.000171184539795,19.953125
67,25,553,25,16,False,225165,5.000108003616333,8.6640625
67,25,553,50,33,False,178463,5.00007700920105,6.734375
67,25,553,75,50,False,149148,5.00003981590271,5.046875
67,50,1106,12.5,8,False,146854,5.000078201293945,0.19140625
67,50,1106,25,16,False,136433,5.000097990036011,3.609375
67,50,1106,50,33,False,118749,5.000205039978027,6.0546875
67,50,1106,75,50,False,104840,5.000092029571533,0.20703125
67,75,1658,12.5,8,False,96974,5.00009822845459,0.46484375
67,75,1658,25,16,False,54759,45.96407127380371,39.13671875
67,75,1658,50,33,False,59034,5.00018835067749,73.90234375
67,75,1658,75,50,False,66981,5.000123977661133,104.12890625
68,12.5,285,12.5,8,False,444703,5.000087022781372,8.65625
68,12.5,285,25,17,False,356579,5.000087022781372,9.671875
68,12.5,285,50,34,False,252016,5.000077962875366,13.40234375
68,12.5,285,75,51,False,193921,5.000075101852417,25.1953125
68,25,570,12.5,8,False,242479,5.000119924545288,0.14453125
68,25,570,25,17,False,216871,5.000176906585693,6.96875
68,25,570,50,34,False,173558,5.000112295150757,5.984375
68,25,570,75,51,False,145801,5.000102758407593,2.33203125
68,50,1139,12.5,8,False,143362,5.000093936920166,2.91015625
68,50,1139,25,17,False,133100,5.000089883804321,2.2890625
68,50,1139,50,34,False,115621,5.000092029571533,7.8046875
68,50,1139,75,51,False,101940,5.000087738037109,3.41015625
68,75,1708,12.5,8,False,95585,5.000102758407593,3.64453125
68,75,1708,25,17,False,90801,5.000077962875366,0.11328125
68,75,1708,50,34,False,82138,5.0000901222229,2.50390625
68,75,1708,75,51,False,75552,5.000082969665527,0.46875
69,12.5,293,12.5,8,False,442514,5.000081300735474,0.2265625
69,12.5,293,25,17,False,354744,5.0000810623168945,0.0625
69,12.5,293,50,34,False,254458,5.000051975250244,0.57421875
69,12.5,293,75,51,False,196944,5.000166177749634,0.13671875
69,25,586,12.5,8,False,246142,5.000091314315796,0.25390625
69,25,586,25,17,False,218039,5.0000810623168945,0.8984375
69,25,586,50,34,False,176083,5.000044107437134,1.453125
69,25,586,75,51,False,144812,5.000093936920166,0.21484375
69,50,1173,12.5,8,False,137212,5.0000691413879395,0.37890625
69,50,1173,25,17,False,127576,5.00008225440979,0.54296875
69,50,1173,50,34,False,111342,5.000085115432739,0.13671875
69,50,1173,75,51,False,98601,5.000147342681885,0.296875
69,75,1760,12.5,8,False,92011,5.000082969665527,1.7109375
69,75,1760,25,17,False,87569,5.000086069107056,3.25
69,75,1760,50,34,False,79419,5.000053882598877,0.41015625
69,75,1760,75,51,False,72832,5.000080823898315,2.30859375
70,12.5,302,12.5,8,False,424461,5.00010871887207,1.265625
70,12.5,302,25,17,False,345003,5.000076770782471,5.12109375
70,12.5,302,50,35,False,244099,5.000050067901611,0.1484375
70,12.5,302,75,52,False,191126,5.000169992446899,3.58203125
70,25,604,12.5,8,False,238491,5.000047206878662,1.19921875
70,25,604,25,17,False,211568,5.000156879425049,0.1484375
70,25,604,50,35,False,169225,5.0000529289245605,0.12109375
70,25,604,75,52,False,142074,5.000083923339844,0.10546875
70,50,1208,12.5,8,False,135042,5.000104188919067,0.04296875
70,50,1208,25,17,False,125208,5.000211954116821,2.3125
70,50,1208,50,35,False,108912,5.000117063522339,6.19140625
70,50,1208,75,52,False,97253,5.000114917755127,8.3125
70,75,1811,12.5,8,False,74803,5.000054836273193,3.14453125
70,75,1811,25,17,False,71864,5.000064134597778,0.17578125
70,75,1811,50,35,False,66320,5.0000998973846436,1.6171875
70,75,1811,75,52,False,61419,5.0001420974731445,0.09765625
71,12.5,311,12.5,8,False,423201,5.000040054321289,0.0625
71,12.5,311,25,17,False,343402,5.000079154968262,0.515625
71,12.5,311,50,35,False,244938,5.000036954879761,0.01171875
71,12.5,311,75,53,False,189205,5.000184774398804,4.5703125
71,25,621,12.5,8,False,238163,5.000088691711426,13.25390625
71,25,621,25,17,False,209093,5.00009298324585,9.64453125
71,25,621,50,35,False,167283,5.000146865844727,1.16015625
71,25,621,75,53,False,139318,5.0001060962677,5.0078125
71,50,1242,12.5,8,False,133441,5.0000550746917725,0.18359375
71,50,1242,25,17,False,124699,5.000056028366089,0.23046875
71,50,1242,50,35,False,108548,5.000051021575928,0.05859375
71,50,1242,75,53,False,95967,5.000103235244751,0.0390625
71,75,1864,12.5,8,False,71588,5.000082969665527,0.1328125
71,75,1864,25,17,False,69544,5.000105142593384,0.15234375
71,75,1864,50,35,False,64520,5.000074863433838,0.22265625
71,75,1864,75,53,False,59740,5.000058889389038,0.20703125
72,12.5,320,12.5,9,False,333663,5.000090837478638,2.8984375
72,12.5,320,25,18,False,282927,5.000078916549683,1.62109375
72,12.5,320,50,36,False,212211,5.000096082687378,1.63671875
72,12.5,320,75,54,False,168361,5.000214099884033,3.3671875
72,25,639,12.5,9,False,226629,5.00008487701416,9.8515625
72,25,639,25,18,False,203050,5.000086069107056,0.3203125
72,25,639,50,36,False,163070,5.000081777572632,1.171875
72,25,639,75,54,False,136658,5.000078201293945,15.40234375
72,50,1278,12.5,9,False,129197,5.000090837478638,4.46875
72,50,1278,25,18,False,120686,5.000103950500488,12.1875
72,50,1278,50,36,False,105656,5.000072956085205,6.40625
72,50,1278,75,54,False,93274,5.00010871887207,2.1171875
72,75,1917,12.5,9,False,70596,5.000153064727783,8.47265625
72,75,1917,25,18,False,67474,5.000124931335449,7.703125
72,75,1917,50,36,False,62416,5.000079870223999,13.10546875
72,75,1917,75,54,False,57475,5.000107049942017,7.1796875
73,12.5,328,12.5,9,False,330700,5.0000879764556885,4.22265625
73,12.5,328,25,18,False,278566,5.000087022781372,6.453125
73,12.5,328,50,36,False,210406,5.000084161758423,4.65234375
73,12.5,328,75,54,False,165562,5.000076055526733,9.0078125
73,25,657,12.5,9,False,214308,5.000089883804321,38.33984375
73,25,657,25,18,False,196410,5.000073194503784,37.55859375
73,25,657,50,36,False,161394,5.000062942504883,3.515625
73,25,657,75,54,False,134232,5.000086069107056,6.62890625
73,50,1314,12.5,9,False,125223,5.000131130218506,5.23046875
73,50,1314,25,18,False,117509,5.000112056732178,9.30078125
73,50,1314,50,36,False,103310,5.000118017196655,4.6484375
73,50,1314,75,54,False,91735,5.000102996826172,20.73828125
73,75,1971,12.5,9,False,69230,5.000131130218506,18.9921875
73,75,1971,25,18,False,67005,5.000126361846924,11.0546875
73,75,1971,50,36,False,59887,5.0001280307769775,17.859375
73,75,1971,75,54,False,55893,5.000101089477539,4.55859375
74,12.5,338,12.5,9,False,323683,5.00007176399231,25.76171875
74,12.5,338,25,18,False,274967,5.000117063522339,2.62890625
74,12.5,338,50,37,False,205630,5.00009822845459,24.6328125
74,12.5,338,75,55,False,165238,5.000096082687378,15.59375
74,25,675,12.5,9,False,219343,5.000071287155151,0.30078125
74,25,675,25,18,False,196169,5.000070333480835,5.6484375
74,25,675,50,37,False,157628,5.000081777572632,13.8515625
74,25,675,75,55,False,132563,5.000093936920166,1.2578125
74,50,1350,12.5,9,False,123961,5.000095844268799,2.578125
74,50,1350,25,18,False,115767,5.000101089477539,19.671875
74,50,1350,50,37,False,100727,5.000082969665527,25.19921875
74,50,1350,75,55,False,89498,5.000129699707031,1.49609375
74,75,2026,12.5,9,False,68179,5.000121116638184,1.14453125
74,75,2026,25,18,False,65544,5.000088930130005,4.23828125
74,75,2026,50,37,False,60096,5.000121831893921,7.2734375
74,75,2026,75,55,False,55720,5.000152826309204,1.4921875
75,12.5,347,12.5,9,False,322425,5.000083923339844,0.79296875
75,12.5,347,25,18,False,273674,5.000096082687378,0.93359375
75,12.5,347,50,37,False,204228,5.000088214874268,4.70703125
75,12.5,347,75,56,False,162670,5.000093936920166,1.6796875
75,25,694,12.5,9,False,218912,5.0000901222229,0.59375
75,25,694,25,18,False,194507,5.000098705291748,4.96484375
75,25,694,50,37,False,156330,5.000082015991211,6.12109375
75,25,694,75,56,False,130432,5.000115871429443,2.65234375
75,50,1388,12.5,9,False,121441,5.000094890594482,2.390625
75,50,1388,25,18,False,113451,5.000093221664429,0.515625
75,50,1388,50,37,False,99043,5.000075101852417,3.05859375
75,50,1388,75,56,False,88278,5.000143051147461,0.12109375
75,75,2081,12.5,9,False,66147,5.0001490116119385,7.12109375
75,75,2081,25,18,False,63980,5.000113248825073,0.26171875
75,75,2081,50,37,False,59272,5.000076055526733,4.01171875
75,75,2081,75,56,False,55031,5.000093221664429,1.56640625
76,12.5,356,12.5,9,False,315346,5.000076055526733,16.890625
76,12.5,356,25,19,False,254382,5.000085115432739,30.7421875
76,12.5,356,50,38,False,193112,5.000099182128906,7.90234375
76,12.5,356,75,57,False,157145,5.000096082687378,5.8671875
76,25,712,12.5,9,False,211847,5.000101089477539,0.83203125
76,25,712,25,19,False,184617,5.000075817108154,7.0
76,25,712,50,38,False,152238,5.000084161758423,0.046875
76,25,712,75,57,False,127289,5.0000786781311035,4.79296875
76,50,1425,12.5,9,False,118286,5.0000951290130615,28.19921875
76,50,1425,25,19,False,108880,5.0001060962677,23.11328125
76,50,1425,50,38,False,95011,5.000089883804321,1.453125
76,50,1425,75,57,False,84692,5.000121831893921,19.64453125
76,75,2138,12.5,9,False,63875,5.000112056732178,1.8828125
76,75,2138,25,19,False,61093,5.000080347061157,36.515625
76,75,2138,50,38,False,57337,5.000143051147461,31.32421875
76,75,2138,75,57,False,53542,5.000089883804321,7.66015625
77,12.5,366,12.5,9,False,310120,5.000085115432739,4.9140625
77,12.5,366,25,19,False,256661,5.000091075897217,1.0625
77,12.5,366,50,38,False,194799,5.000097990036011,0.53125
77,12.5,366,75,57,False,155689,5.000091791152954,0.828125
77,25,732,12.5,9,False,209496,5.000072956085205,4.21875
77,25,732,25,19,False,184395,5.000088930130005,26.953125
77,25,732,50,38,False,150077,5.0000996589660645,5.71875
77,25,732,75,57,False,125521,5.000098943710327,3.48046875
77,50,1463,12.5,9,False,113997,5.000095844268799,1.84375
77,50,1463,25,19,False,104881,5.0000998973846436,12.33984375
77,50,1463,50,38,False,91486,5.0001139640808105,12.34375
77,50,1463,75,57,False,82589,5.000082015991211,2.8046875
77,75,2194,12.5,9,False,63452,5.000107765197754,9.2578125
77,75,2194,25,19,False,60576,5.000103950500488,0.6328125
77,75,2194,50,38,False,56392,5.000081300735474,0.05078125
77,75,2194,75,57,False,52144,5.000114917755127,0.31640625
78,12.5,375,12.5,9,False,302865,5.00007700920105,4.57421875
78,12.5,375,25,19,False,250764,5.000097036361694,0.734375
78,12.5,375,50,39,False,189614,5.000088930130005,3.8125
78,12.5,375,75,58,False,152053,5.000093221664429,1.0625
78,25,751,12.5,9,False,203936,5.000097990036011,0.4765625
78,25,751,25,19,False,177905,5.000066757202148,11.37109375
78,25,751,50,39,False,144235,5.000098943710327,9.44921875
78,25,751,75,58,False,121473,5.000102996826172,0.17578125
78,50,1502,12.5,9,False,109334,5.000112771987915,44.8671875
78,50,1502,25,19,False,101176,5.00007700920105,13.1875
78,50,1502,50,39,False,89511,5.000101804733276,5.12109375
78,50,1502,75,58,False,80331,5.000092029571533,2.62109375
78,75,2252,12.5,9,False,61672,5.000115871429443,0.93359375
78,75,2252,25,19,False,58836,5.000093936920166,10.65625
78,75,2252,50,39,False,54719,5.000091791152954,4.18359375
78,75,2252,75,58,False,51705,5.000108003616333,37.62109375
79,12.5,385,12.5,9,False,308002,5.000079870223999,2.94140625
79,12.5,385,25,19,False,253436,5.0000739097595215,24.12890625
79,12.5,385,50,39,False,190968,5.000097990036011,13.75
79,12.5,385,75,59,False,151021,5.000121831893921,4.6015625
79,25,770,12.5,9,False,204551,5.000086069107056,6.1171875
79,25,770,25,19,False,176930,5.000133752822876,1.65625
79,25,770,50,39,False,143798,5.000097990036011,4.99609375
79,25,770,75,59,False,121066,5.000083923339844,2.78125
79,50,1540,12.5,9,False,108303,5.0001139640808105,4.609375
79,50,1540,25,19,False,100658,5.0001139640808105,9.1640625
79,50,1540,50,39,False,89521,5.000131130218506,1.15234375
79,50,1540,75,59,False,79801,5.000128984451294,4.68359375
79,75,2311,12.5,9,False,59865,5.00010085105896,17.38671875
79,75,2311,25,19,False,57091,5.0000739097595215,1.44140625
79,75,2311,50,39,False,52539,5.000111818313599,3.06640625
79,75,2311,75,59,False,50047,5.000098943710327,1.3203125
